463
238
1
729
1277
1
1
91
722
1
220
672
900
37
181
145
69
21
24
1
360
84
102
1
1
1
31
1353
43
133
1543
601
2102
1
1
119
270
1
138
218
2131
1
1
1
51
1
201
21
103
894
26
1
349
453
511
1
75
160
24
282
125
149
1
51
24
84
229
1
1211
220
1
902
281
62
21
892
32
157
432
312
30
281
2187
1637
1
26
1
39
281
94
1
34
1
26
23
57
506
281
176
1
283
281
1
1
2950
102
363
1042
11
1
26
123
749
417
448
1920
1
1
138
10
149
26
282
24
1
1
1
1
20
236
281
780
811
179
1
735
1
499
552
1
1
437
28
503
1
1057
1
309
26
141
45
307
281
26
111
1
41
214
1
1
355
141
1
387
244
313
220
1
22
107
1
1
359
137
3262
261
1505
10
26
380
298
790
787
35
123
865
259
722
220
163
373
10
45
61
1
1
91
226
61
24
428
968
676
1
320
221
1
11
102
1
1
50
53
30
230
1
426
1
149
309
155
1
161
1
1897
1
30
45
650
1
26
1
24
1
216
722
763
1
237
864
85
1
35
282
1
1
557
2724
1
56
1
378
389
57
326
1
419
729
425
388
291
45
595
1
378
24
65
434
168
15
1
281
1
73
310
340
1
33
108
141
113
322
350
1
703
1
78
79
242
41
252
46
156
1693
524
1
24
1
210
119
118
30
24
281
25
1
55
578
26
679
1
1
1
829
319
1
627
51
134
143
768
75
1
45
138
1
24
26
3323
1
108
485
507
45
1
218
1
10
270
220
39
220
1
460
62
261
143
409
259
335
367
1
432
1
1053
135
406
303
158
934
326
208
642
1
51
179
1
25
24
220
2075
1
218
35
83
152
23
1
218
41
166
783
24
39
26
1630
1
437
1
1227
1
25
24
434
26
29
451
91
478
24
1
1
1
677
329
1
1
48
1
32
1
369
73
1
192
772
1
35
68
557
75
1
129
926
1
1
71
344
86
102
281
123
187
1
1
1
1
151
15
282
39
129
1207
1
1
860
218
408
84
364
1005
26
1
1701
1
659
92
215
1
83
639
24
168
1
134
204
139
91
83
1
1
35
1
159
26
1
300
69
618
131
51
40
23
188
1
1
57
959
1
1
33
548
26
24
270
220
732
303
1
67
372
215
466
64
920
1
595
242
281
62
45
156
32
107
147
220
12
45
1
179
447
91
451
26
281
67
409
1
75
610
141
62
1
78
1
57
720
218
32
87
1
238
1
709
825
171
44
864
1
36
373
127
1
489
1
124
218
856
218
751
1
372
268
194
1
1
206
1
1
308
282
252
1
189
378
296
360
1
107
114
1
75
416
281
396
381
83
281
32
864
24
246
179
257
1
1
2228
26
1
414
1
187
946
163
70
542
1
36
1
854
276
1
822
84
78
834
12
1
1
1
349
1
262
1
1
307
134
39
1
1
1
67
10
830
816
1
404
171
389
1
460
1
19
1
86
1
401
1
281
1
206
1
165
1
473
711
24
1
390
765
23
152
1
1
1
70
1402
75
396
47
26
548
113
447
25
123
281
30
648
126
94
115
42
24
736
749
1
1
1
73
144
24
573
25
494
860
826
114
1
281
693
1
116
26
1
179
102
332
41
1
26
1
83
1
51
281
27
118
3822
845
1
1
76
285
109
217
26
1
91
173
864
206
1
1
35
107
2219
660
262
32
1
37
1
207
24
195
141
58
572
26
220
1154
1
280
478
21
908
830
1
75
1
1
71
1
403
309
891
1272
7
1
32
14
1
437
499
361
880
1
1
324
142
163
559
281
1
1
179
21
1
26
1
107
171
108
2369
1737
1
1
906
242
169
69
213
316
292
1
92
318
32
1
193
35
1
58
12
75
26
324
60
41
31
2308
1
181
1
1
305
371
1
426
190
1
1
45
1
1
25
1
1
1
536
1
1
208
1
113
1
1
61
32
397
26
1
1
1
1
191
4718
281
46
75
578
1
446
26
203
1
110
801
1
218
1
442
792
26
35
67
192
1
265
1637
23
444
1
1
345
276
110
400
24
183
349
71
1
443
75
1
103
24
58
107
179
173
161
1
1
185
597
310
132
1
1
1
102
102
1
51
448
1
75
24
1667
264
179
1
28
26
1
1
21
65
1
409
146
117
281
300
202
75
130
2614
356
193
1
1
1
198
1
586
652
1
75
141
477
1
702
78
199
1
1
1
281
280
75
241
19
1
218
220
86
61
1180
1
514
280
262
587
29
92
26
403
1
529
561
763
93
123
29
1
57
1
2219
1
25
1
94
1
1
69
10
1
133
1
1584
515
124
906
26
26
24
281
67
1
548
971
59
1
17
340
1
115
479
33
1
1
657
2650
1
1
179
32
118
1
1
96
379
102
176
852
1
1
1175
220
1
1
1
1
1
179
1
1
103
1
1
494
1
65
49
1
1
334
218
676
48
1
59
220
1
551
1
1
529
1
394
644
1
290
1
1
51
281
99
1
1
1086
1433
1
316
316
1
541
259
1
1
1
1
99
1092
400
316
109
398
218
1557
1
1
135
32
281
383
600
98
1
1
210
368
1
1
1
701
767
176
663
1
1
365
1
95
437
1
1
1
24
1
281
371
24
354
129
340
115
1
1
24
448
24
179
47
400
24
1
489
228
28
731
218
1
189
1
1
1
62
1
5
243
1
1
292
495
1
1
479
2834
47
1
401
9
114
1
186
166
1
509
91
928
51
1
1
545
67
40
337
1
406
50
281
1
3118
1
335
274
282
394
46
1
1
2834
404
988
122
103
1
1
1
281
1
1
77
438
747
823
438
1
12
1
281
1
135
1
1
67
378
114
1
24
251
100
59
1
1
113
75
69
1
380
1
179
1
1
30
97
1
370
1
1
1
37
119
860
114
1
62
281
1
218
1
90
102
1
1
26
103
22
1247
110
367
524
579
32
1
1
70
168
1
618
28
88
1
113
176
179
838
25
207
23
1
1
45
218
1
67
983
281
378
218
361
94
526
840
32
129
1
424
495
55
1
1
32
662
141
281
12
1
63
1
1
1
32
711
221
91
1
1
1
1
21
1
136
1
148
82
179
75
186
281
220
1
35
1
1
1472
783
1
1
55
339
90
1
26
152
318
220
181
292
75
610
80
26
95
24
109
1
67
1060
1
9
1
129
145
1
1
348
860
220
1
467
148
1
134
218
552
229
218
218
51
26
730
88
97
401
1
768
416
1
1
1
1
26
1337
454
856
281
1
281
214
991
237
92
1
151
282
628
26
1
248
105
254
67
274
936
25
571
26
1
451
313
1
197
1
210
1
1
1
933
1
340
24
265
784
918
73
786
1
165
35
1
378
218
24
710
1630
196
287
1
183
1
1
179
1
1792
1
25
308
403
1
1
181
32
236
24
1
44
159
12
75
181
1562
1
159
108
41
127
30
644
1
220
1
2480
1
67
114
179
254
397
856
206
309
24
193
218
1
93
67
26
67
12
379
77
1507
75
1
1
1
415
1
95
802
129
282
21
1025
638
16
21
1
1
62
156
2891
261
622
120
24
1
24
1
359
1390
234
292
141
172
151
367
571
1396
1
314
1
1
1480
104
62
1
139
1
1
1
995
1
997
58
1406
603
1
75
1
1
1
959
37
141
1
1
885
454
1
392
356
124
218
1
666
58
1
1
858
649
677
176
220
886
1
75
1
1
156
75
229
289
68
203
281
1
51
1
1
397
1
605
141
715
60
179
90
1
976
153
254
427
101
164
1
833
192
33
379
885
603
1
380
1
281
1
1
1950
1
1
3832
141
1
1
371
55
1
220
281
1211
817
2200
154
35
142
91
332
629
108
176
25
1
225
234
1
21
1
1
222
125
117
1
337
24
1
1
1
50
218
43
35
151
1
1698
347
280
179
317
42
1
115
338
41
220
1
1
24
1237
141
1
1
1
453
231
1
21
348
751
751
179
1
1
1
91
1
134
691
106
1
108
311
1
1
1
499
26
47
108
3003
281
147
1
1
76
179
1
1
29
291
259
1
208
1135
864
218
1
2526
345
281
234
180
31
122
86
26
1
1
89
609
1
1
722
1
75
1052
1
32
784
1
37
67
24
794
220
281
137
51
120
27
577
1
54
109
1
1
11
1
1
231
69
128
399
35
220
149
1
1
689
57
1803
141
59
1
1
1
394
218
105
59
134
518
24
32
218
179
313
1
82
1
1
1
112
92
573
24
1
359
1
355
109
57
1
398
1
86
372
1
51
1
50
120
26
1
1182
1
1
123
63
26
84
136
98
179
1
193
281
975
401
1
191
1
330
1
1
1
1511
1
1
790
1
1
165
153
1
37
707
147
24
152
1
1
1082
198
1
241
372
304
123
33
712
241
220
1
1
108
1
220
75
5
389
32
401
75
67
1
1
1
860
83
1
1
135
54
1
1
24
722
534
1
1
53
1
1
1095
1
96
35
1
42
127
129
1
1
1
218
24
220
45
29
10
24
410
1
155
143
24
179
106
77
1
145
564
1
403
323
1
1
1
218
1
24
685
1
1621
2542
84
477
26
1
854
216
25
1
1
25
1
453
469
1
1
17
185
82
410
75
1
533
206
24
220
1
1
1
565
1
1
124
1
79
469
325
125
281
237
220
1
498
930
1
1
369
1
134
85
1
560
1
1
1
1
366
1
150
1
964
787
1
1063
51
270
123
83
10
179
345
99
41
1
102
179
1
12
1801
1
364
10
1
1
857
1
1
1
1
1
1
1
360
86
153
1748
123
61
67
1088
26
202
1
1
30
1
1
1
607
1
758
260
1
1
17
25
1
1032
1
348
288
241
32
24
26
1
41
59
281
35
1
1886
1
1
1
218
322
1
1
331
220
96
308
1
141
751
1
798
953
226
624
2054
1333
108
26
1
304
1
35
281
42
91
147
111
1656
91
281
51
467
1
417
265
2159
1
1
1
114
1
1
1
57
51
1
1278
74
1
371
1
79
814
1
123
48
1588
1
1
123
3511
1
59
218
852
391
224
10
83
281
42
281
175
373
1
32
184
33
1
338
1
747
180
26
24
369
427
281
41
67
1
24
31
258
332
137
86
281
220
126
1
291
1
1
26
134
1
2308
26
130
1
1
1
1
1
25
768
566
722
23
26
1
1
1
32
67
220
1
26
25
1
310
261
357
24
627
1
70
1
406
77
1
1
133
1
93
1120
81
240
447
1
27
82
139
1
489
863
627
1032
497
117
1638
1964
26
1
1
179
141
205
791
229
281
21
92
20
1
123
181
26
24
576
143
123
12
1
32
313
122
1
327
69
51
24
21
15
860
281
796
1
889
134
1
677
1
101
1
27
1
160
524
378
224
218
141
220
1841
208
26
1
68
548
56
312
1
1
340
125
67
105
282
50
24
29
944
46
67
457
1678
1
40
1
224
379
70
1
16
135
1
125
1
125
1
43
602
453
1
220
26
141
125
141
1
52
155
1
724
504
143
1
25
29
617
26
218
147
75
1
281
224
129
281
15
527
125
281
1
79
111
1
1
1
1
1
1
281
51
1
42
281
1
107
446
361
220
75
1
23
1
109
1
1
35
281
1
1
322
1
451
791
1
24
76
1
119
1650
290
1
155
553
1
1
241
68
1135
613
1
1
1
1
175
1887
268
60
1
1079
1
1663
476
1
224
1768
1527
1
218
474
94
5
26
242
811
58
217
27
205
1213
1
74
676
29
387
26
32
333
220
25
335
39
1
380
200
1288
1
134
535
650
72
26
23
218
411
1
1
224
1
118
143
751
220
207
1
22
123
1
261
26
51
1
38
202
43
865
1
1
261
281
1
1
1
26
464
1
236
141
1
1
1
218
42
1
30
296
144
690
1050
54
32
1
1
226
1
1
438
40
296
1
261
1
476
1
234
54
2829
453
481
218
281
1
32
143
235
139
1
1
281
1
1
214
483
194
1
141
266
945
1
1
261
207
299
68
24
179
492
84
564
1
287
384
329
1505
1
1
404
112
538
1
1
1
1254
82
1
41
281
1
83
26
179
1
26
1
426
1
315
75
263
432
613
774
75
264
2312
1
1
281
281
752
1
367
179
307
170
179
1
1
1751
447
75
1
58
749
1
522
1
1
26
24
1
75
1
14
218
8321
129
260
253
1
1
27
219
281
1
337
586
80
1
426
1
220
24
845
590
1
115
1990
152
1
115
1
30
956
2079
1
1
763
134
1
226
1
220
21
1
281
931
437
39
57
57
62
588
165
1
83
123
24
32
697
1
139
113
26
1
340
202
1
1
409
26
57
1
87
408
55
525
26
266
25
1
1
281
281
107
149
399
278
1
1
21
1435
1
384
220
212
117
1
1
75
98
26
17
24
1
218
23
24
222
1
38
220
25
323
292
160
295
113
102
1
179
1
1
69
281
224
1
122
114
303
181
1
1
125
348
1
105
62
75
179
1
505
340
181
807
1
141
854
130
57
293
25
196
572
136
143
26
1
153
1
1300
114
300
24
1774
1
381
1478
555
804
535
15
218
131
80
292
577
1
372
1029
1
1
97
26
309
305
129
1
69
876
83
24
1
1
43
120
393
146
428
1
242
1
58
1
124
1
1
185
908
1760
194
383
35
477
75
1
58
74
205
559
1
1
118
866
24
1
1
220
477
1
348
108
1
73
1
5
1
1
91
1250
1
1
29
1
439
19
257
123
32
26
1
1
20
113
61
1
127
1
1
179
90
72
102
203
1
349
1
147
1
107
1
697
220
46
1129
751
203
25
281
283
128
1
281
176
72
1
150
306
1
483
32
75
132
153
142
160
218
379
318
18
159
26
1693
90
114
830
10
1
24
1019
63
1
197
218
248
1
200
245
114
493
1
46
1
1
1
1
24
32
1
281
1
1
281
207
84
649
1
108
370
1
1
1
24
281
528
67
117
26
29
1
243
458
1
1
244
1
1
174
1
135
86
277
1
816
300
1
1
23
24
1
218
1
1383
453
306
1
913
357
1
281
72
327
400
1
1
383
32
67
568
1
1
1
90
722
114
129
141
94
617
281
1
99
46
289
86
185
51
251
1
261
164
1
707
55
1
1
211
1
75
149
107
1
1
218
459
543
1
666
15
25
383
1
1
1
148
1
1
1
1
298
255
26
1
1
1
24
378
383
244
1
740
75
1
26
26
57
512
306
898
532
438
860
1
245
45
473
112
1
75
51
143
289
75
252
1
1
461
25
24
218
584
1480
90
1
1
236
188
32
1
260
1
32
1
1
24
1
248
1
23
1
23
1
218
1
1
31
734
281
655
179
218
854
38
47
1038
867
461
281
242
140
964
218
1
161
25
1
102
1
414
162
179
164
722
1
1
1
143
101
784
349
647
108
1
121
1
1791
191
108
84
1
218
261
91
1
12
379
24
1
316
24
75
179
1
108
9
15
1
555
1
281
1
218
385
75
1428
143
286
111
24
127
225
169
26
304
5
1
78
209
84
1
281
1
340
1
42
1
1
314
1
24
75
63
518
1
17
109
548
1
1
1512
257
218
1
126
356
1
372
26
945
485
35
864
281
67
26
466
1
39
179
1
17
26
1
67
1
1
1
220
1
75
1
281
1
1
193
1
1
257
1
233
1
1041
321
60
345
361
91
1
1
1
1
1
86
340
218
30
1
820
137
589
1
51
1
45
119
24
123
1
25
26
41
84
345
1
30
132
124
75
1
1
281
1
123
26
129
271
41
341
1
36
75
1
1
1
336
1
25
403
570
512
220
1
141
141
231
25
1
1
237
67
197
67
109
1
141
1
220
1
191
169
402
326
1
359
730
281
789
32
683
54
106
63
281
1
430
220
113
1
1
571
106
156
1
26
1
108
619
92
10
306
1
1
220
26
149
51
220
102
46
67
1
1
1
1178
1
1
220
218
56
416
1161
220
354
139
380
179
722
88
220
574
515
24
1
797
1
129
124
1430
1
1
375
1
380
220
220
1
27
51
60
541
1
1
1
383
190
68
75
1
125
569
99
220
812
293
1454
323
112
1
1
1
1489
108
9
1
1
1
405
1
128
1
207
68
830
824
293
687
284
27
182
108
157
1521
56
26
75
129
41
1
155
11
467
1
236
389
21
1
755
469
179
312
220
107
474
1
26
406
186
1
1479
1
1
154
570
1
316
264
238
1
37
5
84
1
1016
1
170
1
141
121
63
19
125
1
122
373
1
408
52
62
1
5
1
1
24
32
86
817
340
380
672
49
787
1
1
406
398
220
220
340
24
1
181
57
25
1
179
189
1
942
1
57
242
261
91
1
79
24
1
1
108
56
25
1
179
1
1369
1
32
26
832
281
26
32
179
829
1
241
437
1
2759
105
420
339
1
1
1
548
220
172
1
95
1
736
120
33
35
266
1
1
827
124
112
1
1
427
25
135
641
1178
179
10
281
1332
109
1
1
1
446
42
38
1
86
54
1
1
21
26
428
1257
368
1
1
117
1
76
155
1
281
926
1
788
67
446
728
1
772
288
688
1162
2475
553
51
281
12
906
1
370
1151
102
445
1
224
471
1
906
1
1
1
26
947
1
218
33
1
357
391
92
739
722
179
51
227
642
120
1908
1
107
1
323
1
14
26
218
113
1
114
1
228
26
57
294
228
1
32
42
11
1396
126
1
218
1
1
343
79
329
1
218
220
26
25
218
26
1
1
1
1
1
1899
1
76
1
557
241
1588
145
1
618
53
107
259
1
28
1
1
1
1
700
108
908
281
415
447
179
224
179
1
15
671
228
76
179
1
362
39
319
1
1
1
24
490
643
281
141
1
1340
496
427
1
1
45
81
2159
15
32
26
1
46
1
182
1
330
90
15
1
13
454
43
1
143
1
143
32
1
152
1
24
349
26
789
257
1
1
1859
108
281
1
281
1
1498
75
261
1
1304
642
1
220
165
190
1
241
323
860
1
1
1
378
137
631
26
58
1
1
26
1
26
1
370
253
407
257
152
1
1
612
472
1
24
371
60
60
193
90
76
44
705
75
371
1
1
1
61
127
1
1
201
1
284
778
1
630
123
3747
60
24
1
109
1
90
217
1
1
118
1
818
440
180
707
381
2698
1
109
1
447
352
39
1
84
160
586
1
1
327
349
1
253
1
26
1
37
40
1
172
270
551
1
556
646
220
277
1
172
1
430
26
1
67
1
285
1
260
24
1
357
19
24
84
141
24
1
1
26
1
534
75
26
26
1
1
129
261
1
1
1
1
1
401
1
1
220
67
103
1
139
74
27
220
260
124
147
91
1
216
803
282
1
1
1
1
1
1
281
10
35
1
26
51
1
129
220
1
533
1
328
24
864
24
274
270
1278
446
1
308
125
419
1
165
105
565
83
1
551
57
81
249
323
1
2492
337
406
1
1
1
434
26
485
1
1
1
131
24
1
50
1
40
61
25
1
1
1080
1
1754
281
1
427
198
1981
1
520
338
647
45
931
1
176
1
1
1
801
115
35
1
256
117
1
57
1
1
107
26
1
1
358
403
1
298
283
1
292
34
60
51
48
152
141
164
577
1
1
16
1
220
164
1
392
1
1
1
242
179
876
546
1
1
496
1
1
1
35
1193
208
193
451
1
535
430
30
1
397
24
32
1
313
179
1
1
650
241
1
218
1
1
349
23
114
536
36
378
837
29
1
1
1
107
282
57
652
179
163
112
755
642
97
244
1
52
1
552
417
25
1263
1
1
1
980
220
15
11
218
153
1
864
284
1964
281
1
58
26
1
1
8097
1507
51
1
30
24
1
1
1
260
1141
24
296
1
510
67
104
220
1
25
1102
281
589
1
40
242
543
1
830
265
24
533
1
218
84
722
1
119
234
75
300
1
225
200
220
1
211
363
980
705
53
25
1713
443
217
57
218
79
108
1
75
680
51
905
423
349
578
1
1
281
127
1
91
11
281
276
218
884
268
26
1947
132
24
143
90
1
1
129
1
1
21
143
386
1
1
1
438
342
1
207
102
143
21
57
371
281
21
617
298
62
1156
20
1
1
1
444
98
1
1
1
1
1
29
1
584
1
1
309
1
35
543
400
64
26
75
1
179
198
489
281
340
23
92
63
91
185
405
342
12
152
939
10
675
249
281
1
1
1
1
1
112
1
220
84
26
349
1
371
391
262
1
108
1
1
52
281
353
901
1
72
601
332
6045
220
458
281
10
281
56
108
445
218
155
24
218
138
1
1
84
704
1
297
218
45
3647
105
39
125
303
220
279
823
220
36
1
554
102
11
543
281
116
1
1
294
287
1
220
1
1
68
1
1176
1
1
1
1
21
281
111
75
473
65
123
104
1
26
267
281
1
118
840
1
1
1
141
127
1
92
24
1
173
751
1
72
23
37
670
93
26
118
1
24
281
82
106
148
26
293
928
20
218
451
155
157
37
61
1
1
106
1025
1
722
220
220
1
927
30
102
625
1
1
1
123
26
185
1
74
348
218
585
1
1
1
125
2719
1
200
235
220
377
23
188
111
1
51
59
1
1
426
18
1
678
344
220
1158
114
1
242
75
1
113
1
24
1
897
24
218
688
22
109
1
1
1
1
281
82
200
74
1
1473
912
61
1
26
281
24
39
1
437
218
102
3438
186
32
163
281
1
461
1
98
1
353
1341
80
1493
24
358
2869
406
220
387
35
24
314
1
231
1
50
1
220
403
566
514
148
956
261
412
134
25
1
141
26
24
108
1
379
50
1
1
123
153
1
1
1
281
356
338
83
26
1
10
1
24
95
173
1
1
1
406
1
1
51
676
127
447
1
543
1
1
75
268
1
1
1
123
50
20
1
102
398
11
1
324
113
113
220
255
59
179
540
1
1134
25
1
1
1
136
392
1
237
390
159
1
1
75
1
43
860
746
32
102
1
24
1903
171
628
1
23
647
29
1109
179
26
242
193
1
64
187
523
1
121
1
21
331
26
358
380
1
1
1
176
1
1
1
1
584
331
1
369
38
884
57
10
193
1
1
378
111
1
114
64
50
492
1
1
1
972
35
322
451
1
1
622
369
145
62
1
1
434
321
1
1
1
64
312
1
1
75
323
215
147
123
1
1
281
133
595
463
556
1
1
206
864
21
1
864
216
556
114
1
1
245
50
145
108
120
25
158
24
1
263
1
1
1
646
137
864
350
1
572
360
1
1
26
94
26
27
1
292
119
361
179
50
186
822
26
32
1
90
300
1
10
102
154
1
231
47
492
380
1
1
125
134
438
926
1
578
1
292
128
1
72
220
340
114
4
1
860
919
1
281
259
1
1
67
281
1
26
1
310
27
308
1
24
1
1
1
288
1
668
439
26
1
166
218
73
1
304
141
78
32
26
35
88
261
126
906
472
1
91
165
1
2391
1
109
26
32
1
1
145
224
370
906
1
479
1
109
1300
1
1
1
265
141
293
1789
32
1
1
229
1
1
118
1
27
1173
1
71
1
135
951
161
1
117
801
154
26
472
224
101
2908
554
410
220
400
35
281
1
1
206
290
257
281
1
338
285
1
1
1
141
494
1
1
1
141
1
108
1
120
906
1
10
241
1
1
319
242
41
1
25
208
491
141
406
1
1
66
860
674
1
559
633
154
58
1
327
144
179
1
474
220
102
1
486
141
398
281
1
17
25
340
1
1
460
1
102
1
153
27
17
51
1
76
1
1
220
1
24
546
406
1
1
1
147
275
1
1
127
1
552
26
420
218
104
35
1
784
10
1
393
360
195
937
1
220
1676
25
1
466
151
348
155
179
1
72
1
1
269
164
374
1
446
1
1172
108
1
1042
371
1
61
1
143
51
357
1
854
128
84
1
218
80
179
26
1
367
98
24
116
740
349
169
77
1
1
1
1
151
1485
281
1
1
67
26
1
1
304
1
345
51
179
1
75
141
2379
42
380
1
281
390
124
17
406
1
1
47
234
1
67
1
208
255
1
860
181
191
143
1
58
189
499
1209
208
1
200
242
1
220
135
198
1
1
57
32
132
301
1271
522
99
453
2356
10
1
854
601
23
1
1
1
1
86
943
1
1
170
717
1
24
473
686
60
77
114
1
690
374
190
372
1
493
1
1
664
218
32
1
218
1
293
1
869
32
50
220
729
91
1
467
938
1861
32
1
291
356
58
108
440
43
261
23
1
90
2659
390
22
283
32
610
220
675
367
2345
329
43
403
764
1
10
408
889
179
1592
116
281
114
155
1
26
1
908
461
1
1053
324
417
1
1
1159
1
90
1
266
25
125
107
339
633
26
1
512
1
211
130
844
26
1
55
56
1
462
1
24
93
865
349
1191
220
1
776
26
518
261
73
554
1
1
75
281
746
26
1
1
1
26
518
163
35
281
1
1
405
179
1
131
281
1
51
340
1
1
67
1
125
454
59
391
62
67
26
179
281
675
105
1
67
179
84
1
5
1
458
291
179
1
1
266
1
26
1
145
141
1
182
75
1
1
448
1
1
480
1
11
873
35
127
179
218
1
207
267
1
708
71
105
57
63
1
1
1
1
1
125
118
435
218
510
418
377
1
37
281
1
26
1
24
1
928
381
125
409
1
179
571
922
38
478
2188
366
94
1
268
345
21
26
231
242
200
21
281
281
66
105
1
220
24
1
207
155
35
39
1
41
84
252
59
146
290
260
1
1
102
26
1
179
75
347
241
1
29
1
181
1821
177
1
73
220
1
1
1
1
220
51
179
640
26
24
1
26
57
1
726
649
60
89
679
806
378
1
1
1
102
21
296
114
281
1
611
1
1
1
1
99
1
302
1
26
218
1
1507
1
26
1
2384
504
1
1
1
177
1
1
292
154
149
35
340
154
220
1767
626
378
179
1
1
1
1
254
378
35
1287
530
1
25
404
1
248
99
218
372
51
541
279
1
1
60
1
957
76
690
1
1
21
208
51
69
1
1
1
1
108
1260
260
1
21
617
1
1
147
668
1
1
218
36
1
118
501
123
113
147
327
218
321
281
382
454
143
1
35
220
499
26
64
437
822
1630
154
202
143
1
105
26
368
1
1
1
860
218
236
1
1
1
117
12
113
1
102
437
1
220
4
302
245
48
56
291
57
10
1
1
1
1
193
657
24
1062
24
1
23
32
10
26
834
651
3384
1
860
41
243
245
677
57
1
51
1
63
1370
10
1
378
1
132
477
857
5
10
1
614
114
1
436
162
1
51
530
281
20
57
71
141
51
1
1
1
340
1
1477
218
1042
179
125
108
231
20
1
71
218
28
353
1
515
395
1
168
32
380
548
411
1
45
424
125
118
208
1
273
1226
226
67
1
588
107
1
1
1
1
1
101
67
1
73
784
132
631
109
1
281
1
12
510
16
1
73
1
447
25
1
1
1
56
1
32
1
247
281
1954
282
191
797
44
1
1
194
356
1
485
85
1
1
88
110
1
218
220
24
237
1
220
1
1815
1605
657
1
1
1
413
1
281
1194
1
348
1
44
75
268
295
389
67
28
164
384
1
152
10
1
26
179
704
179
83
153
1
384
1
75
1
468
1
211
1
1106
114
31
410
1
1
2172
91
312
220
74
411
1
1938
736
238
79
451
129
24
282
416
1
1
118
268
57
1
218
12
780
1551
1
589
114
102
215
114
230
67
1
1
209
77
867
334
748
991
82
1771
67
1
29
65
1
120
1
702
147
1
1
324
625
1
312
737
522
724
652
627
173
400
1
252
25
37
42
24
166
25
1
1
21
51
218
75
281
24
182
220
25
91
1
758
393
26
406
1
285
108
49
720
261
284
133
220
566
319
10
281
380
1
1
102
24
1637
206
241
1
392
35
50
545
1
220
1
281
1
1
281
280
927
576
43
26
444
147
1
84
24
1
1
59
1
402
228
65
1
122
75
261
51
60
92
66
220
548
1299
281
21
795
281
73
1
220
345
556
1
1
1
1
32
73
672
849
141
1
26
390
148
1
102
179
22
24
355
1284
1
1
24
75
281
129
21
922
1
11
141
64
323
1
21
881
1
502
5
419
1
1
32
1
63
354
384
1067
1507
1
864
32
21
384
1
483
1
1
345
242
1
26
161
396
159
218
362
1
151
543
1
141
32
125
1
27
95
1
69
69
368
141
26
1
1
138
1
114
24
1
641
1
1
1
100
1
1
1
284
218
220
30
22
166
1
1
183
32
1
1
26
1
1
141
1
1
1
1
177
371
26
374
338
1
176
26
57
63
32
1
268
24
281
1
179
307
1
1
1
194
269
141
288
152
218
220
125
564
342
281
75
783
224
226
60
725
1
102
151
314
40
1
554
841
996
157
458
50
1
1
102
884
527
1
1
1
1
61
1
17
123
1073
132
2403
861
722
1
216
267
24
32
105
220
123
552
1
51
1
15
1
1
102
465
220
83
1
51
1
377
1
309
143
75
123
186
300
469
26
134
179
179
281
672
1
1
129
862
678
1
1
67
275
276
26
32
3175
277
40
1
24
50
452
1
161
91
1442
1
281
1
1
1
109
26
281
1
1
467
281
351
57
1
1085
241
286
35
294
1
117
141
168
600
242
86
770
1
1
92
1
1
1
1191
231
1
1
631
120
547
137
1
347
1
1
727
1
1
1
73
349
1
1
1
1182
394
1
451
10
130
281
444
114
374
505
1
1
129
65
1
26
1
189
130
115
1
121
322
639
26
91
1
1
864
1
1
1
1
179
59
369
122
371
104
459
45
257
1
281
207
179
218
400
285
2834
41
730
379
1
1
105
102
216
129
32
1
111
24
1
194
354
1
102
224
411
252
1
394
75
15
717
26
329
218
123
1
1838
220
1
24
179
196
1
1
141
1
179
1
334
615
1
59
224
1
281
1
548
1
1
220
380
1
1622
309
57
1
26
99
26
128
1
1184
1
1
155
460
228
1
308
46
298
359
32
75
1
185
409
1
57
1
179
1
208
101
98
1
1
1
251
1
208
1
1
1
1
413
26
63
48
334
1
1
1
104
1650
554
1
1
1
345
96
67
179
1
1
505
125
1
473
1
463
281
296
876
179
39
224
25
1
109
729
1
1
1
75
275
99
383
1
1
255
11
26
45
1
21
141
714
123
146
74
195
86
1
224
278
1
463
1
703
1
208
1
83
71
264
91
274
1
453
35
152
892
1
409
1
1512
102
354
90
189
1
1
390
1
95
801
406
161
281
76
119
1
1
54
860
309
5
432
26
83
24
722
1
1
580
1
1
103
1
24
437
802
1
1
547
166
362
24
49
109
400
129
135
75
66
402
991
1
872
123
218
1
1
146
1
75
663
51
45
1
1
216
218
25
1
67
371
1637
40
43
242
189
225
26
91
1
1484
369
1
1791
32
203
722
1
1
21
155
527
260
129
551
105
1
235
10
2238
1
1
368
274
102
1
205
106
1
282
1
128
115
1
20
822
281
295
64
1
433
1
1
75
1
1
35
75
1
67
1
162
722
1
35
2678
1
55
156
1
1
1
533
32
27
1
1
275
1
471
281
151
26
2787
1
114
268
431
856
78
1
220
363
1
56
58
85
1
24
218
472
451
125
1
135
30
1
281
26
50
337
387
1
1
220
281
1
41
484
258
341
218
24
27
178
1
1
1
113
26
104
1
242
47
166
179
1
1
238
1
26
305
1
360
913
1
141
90
1172
227
220
1
51
179
149
241
127
218
189
342
1
1
220
1515
1
242
37
1
1
1
57
405
5
1
1
1735
516
1
675
1
379
499
1422
114
1
1
10
1
220
211
512
59
292
336
434
65
595
429
1
1
1
1284
1
364
346
24
41
631
3687
83
281
136
1
1930
281
227
1
186
220
334
1
151
114
198
123
908
1
1
147
24
17
220
1
52
179
179
10
1
78
102
333
1
179
26
2228
1
89
67
584
1
1
495
1
59
45
340
860
220
143
806
1
397
67
281
102
87
12
92
1
58
176
927
1
24
1
1
141
383
1
453
1
1
32
141
718
1
39
1
1
415
261
1
944
97
1
281
1
409
1
220
281
857
84
29
1
290
1
1
24
218
402
1
378
378
583
1
24
1
121
1
91
179
1
1
27
639
1
578
1
1
1
15
1
292
323
21
223
218
10
1
10
1
75
112
714
281
218
194
179
6
2475
12
1642
3352
1
260
1
1
44
218
1451
1
477
238
1
388
1
218
1
533
1
101
1
548
142
783
19
1
443
1
110
117
380
1
380
656
274
1
179
138
225
954
1
1
304
543
218
864
111
179
38
1
1
231
179
25
32
179
25
1
129
625
24
1
148
135
24
179
37
121
253
1
51
122
247
443
81
91
46
406
1
766
1
218
5
1
370
416
755
24
1
1
1
327
108
281
1
1
784
57
46
24
1
1
1
1092
1
1
1
1
1
102
344
445
225
75
122
1
1
1
35
119
281
26
403
24
220
218
128
64
624
1
696
25
32
220
220
1
1
1
378
1
266
1
1
1
1
1
2070
1
1
84
1
1
141
1
981
19
9373
351
70
87
98
121
113
159
250
360
23
218
218
1
98
1
102
93
76
1
203
793
238
178
1
95
134
1
1
1
75
902
281
113
874
1
1
865
1
281
310
76
578
271
67
179
1361
1
738
370
401
1
1
21
391
218
32
39
1
722
26
546
10
1
415
1
95
436
218
18
46
107
1
24
465
21
1
1
1
66
433
1
1
222
1
1
216
170
1
281
60
387
652
349
1
578
50
1
57
281
160
1655
1
1
373
1
24
117
1
281
1
281
1
108
860
1
117
221
67
218
1
2168
1
57
281
1
340
1
143
1
179
220
378
1
272
1
1
26
559
1
26
49
1
1
1
1
1
577
1
107
1
380
1
499
1
1
146
1
28
24
182
218
392
509
1
15
1356
179
655
92
1
17
1
1
220
50
1
608
108
114
1
1
757
320
1
1
93
26
179
263
293
65
335
187
12
802
1
72
218
203
1
164
281
101
425
292
141
354
1
370
118
218
117
68
1
26
218
711
1
856
186
25
1057
91
143
1
216
495
1
218
274
40
114
109
1
864
827
394
179
1
179
118
1
107
24
84
378
102
1
165
281
1
330
177
193
21
1
548
67
281
123
386
309
179
241
10
218
672
1
220
1
99
1933
76
395
1
1
512
281
116
375
89
1
220
270
1
102
1
495
1
35
83
1
281
1
1
1029
1511
102
459
896
171
21
10
220
1
218
751
1
586
1
147
188
401
198
141
205
41
443
32
340
531
1435
516
1082
158
438
211
1
281
1
37
1
76
85
137
1
1
1
647
281
325
1
26
1
1
220
1
367
12
738
300
26
74
426
24
31
362
256
1278
109
1
1
1
75
3468
1
1
220
24
207
120
1
179
270
1063
267
1
126
1
818
218
183
26
220
1
1
641
322
32
1
24
360
1
483
160
58
468
143
1
462
27
2379
1
1
267
477
1
320
220
332
492
1
37
1
137
281
930
18
1
200
1550
179
1
1
1
24
281
1
235
65
1
90
768
24
137
136
1
864
97
1
1
318
1
1068
1
254
120
1
84
1
177
1
364
1
704
1898
113
143
1
1
1
1
220
220
406
1
263
60
1
1
1
1
35
379
177
1
1
1
315
182
123
214
292
51
1
735
35
929
57
26
179
91
218
1478
1
76
131
1
716
1
518
1
1
190
38
281
1493
1
141
990
1
1
1
102
362
41
91
1
777
1
1
281
129
220
231
316
123
1
102
389
218
395
55
395
1
1505
1
75
118
991
296
202
1
32
67
220
1
26
1
52
29
1
270
141
35
5
1
1
1
22
995
19
242
67
637
1
26
712
186
24
282
30
617
224
32
297
595
1
1
29
179
179
184
75
770
1
1
1793
1
1
51
114
1
2986
1
102
1
262
1
1
970
1
338
179
1
505
75
32
1
1
1
215
1
75
1
76
57
279
1790
281
1
1
39
413
1
248
1
1
220
1
1
542
90
390
107
237
340
128
270
14
1
1
1
135
140
2012
1
904
1
51
309
73
1
1
523
220
285
281
37
161
1
281
1
179
83
32
1
83
462
1
10
218
951
1
32
407
80
1
292
1
1
24
1
1
801
174
59
35
356
220
197
26
93
26
439
466
25
437
1197
1
819
1
1
662
1
1
1
239
1
141
1
179
1
1
1
172
337
95
130
134
1
1
218
453
1
220
1
1
179
125
1
359
25
587
32
1
704
498
102
126
228
79
1
1
690
129
82
1
1
24
1
179
1
838
1
24
96
102
1
309
1
425
224
1
1
218
34
179
473
1
1
377
1
1
598
14
1
1
35
560
26
23
1
1
1
281
152
155
113
10
1
910
138
1897
1
1
28
1
218
309
26
374
60
258
28
151
332
1
1
171
1
392
134
1
1
225
1
361
321
17
342
1
1
1
1112
218
67
281
1
23
226
183
429
290
2475
371
327
14
1338
588
114
551
25
1
1
1
100
1
1
1
445
1
218
281
26
281
304
1
179
893
30
472
376
1
1
1
141
1
76
597
117
340
803
281
860
114
257
17
1
1
220
1
189
1
1
1
437
179
1
290
1
146
207
92
621
1
1
1
179
1
860
380
1
40
334
315
1
1
518
631
1
1
86
205
670
26
21
147
57
1
1
619
25
66
1
639
123
26
114
1920
129
140
1
218
575
1
22
1
83
304
478
405
26
1
36
218
218
418
27
129
340
284
1
26
207
77
104
24
383
70
1
59
72
152
218
32
281
498
761
1
257
1
26
595
1
820
265
281
21
123
56
1
1
1
242
1
1
102
1
1
1
22
1
1042
1
1516
881
129
179
1
1
26
1
71
1
167
1
1
1
1
331
1
281
208
125
1
39
1
366
1
558
32
1
5
1
1
401
220
57
179
26
130
281
764
129
93
340
340
319
350
500
1
419
281
144
39
631
281
179
30
428
1
1037
1
3920
1
125
155
108
1
1
1
24
75
117
1
281
272
484
1
1
281
406
141
179
1
281
108
108
1
75
141
338
66
884
143
957
24
722
10
1
26
218
424
1
1
220
281
912
24
202
1
1
1
313
94
93
1
1
408
1
24
21
453
26
71
864
57
24
617
1
125
381
37
340
182
134
896
463
628
332
63
1
183
149
32
179
218
451
1
350
24
218
147
281
179
241
466
218
1
69
1
1
127
25
199
10
281
251
1
262
1
164
92
1
748
257
642
1
21
74
218
133
223
92
936
26
1
57
635
244
587
120
141
1
1
1
1
1
289
1
1
252
1
51
82
1
35
32
1
1
67
1
492
144
146
50
24
1
1917
281
125
1512
656
1030
433
218
1
964
1
75
1
1
1
220
191
62
179
182
1
28
864
36
70
1
26
1751
1
83
1
1
201
291
232
21
1
26
24
32
1843
82
83
268
26
1
21
751
1
24
181
143
281
565
453
94
1
1
21
58
1
660
26
1
378
24
1
360
548
281
466
179
242
513
1
220
185
452
236
1
179
27
1
123
818
1
477
26
792
801
360
226
50
21
1
638
27
1
26
179
107
218
141
281
78
220
416
1073
56
1
232
822
296
24
1
39
1
1
233
349
127
281
411
380
401
625
140
401
72
1257
1
1
393
32
515
1
102
141
21
26
1
127
58
90
113
209
349
128
50
281
22
23
1116
1
220
218
220
112
1
1
123
1
2070
145
153
116
281
1
246
26
101
32
162
221
51
1
1
218
973
281
1
109
461
113
1
220
1
128
638
1
30
1
459
113
141
42
1
1
253
392
1
1
1
92
141
159
1884
1
91
1
56
57
83
1333
340
412
151
1
44
220
156
285
678
1
1
894
184
720
175
85
553
1
143
310
224
630
57
395
184
67
80
1
1
1
85
12
424
1
1
24
281
818
309
50
1
76
75
161
1
218
50
1
384
1
220
260
120
26
281
529
998
51
1
860
1
122
220
293
1
1
381
1
499
85
257
292
220
40
1
242
1379
27
663
1
1
67
1
319
1
1
517
1
45
649
1202
95
129
650
51
1
1
97
91
2441
1
1
1
332
266
1
91
20
823
155
21
75
1
722
1
44
224
208
241
69
1
75
113
1
458
107
255
562
32
340
1
1
1
957
989
1
134
1
198
1
354
1
329
1505
378
1
35
79
1
75
1
1
1
548
1
1
157
51
350
220
123
165
516
1
105
1
309
1
1
254
598
1
58
159
453
1
50
24
485
43
257
415
1
442
1
1
131
77
141
1
102
1
218
1
22
179
26
1
11
210
338
83
313
1
281
378
1
1
38
65
32
1
24
113
77
1
1
1
1634
1
48
1861
662
1
1
1189
1
1
1
218
26
1463
1
219
1
246
218
123
220
322
1
299
785
590
1956
1
492
281
1
1
1
107
24
521
129
944
113
345
176
231
1
15
1
220
1
55
3164
26
1
24
161
281
1
1
1083
44
147
1
93
649
281
1
192
380
281
21
2365
72
92
281
269
1
572
284
410
1428
565
259
38
678
123
145
118
30
345
106
1
1
207
94
225
642
350
1
1
910
1
220
75
121
974
1
78
1
224
1
1
871
438
866
345
1
12
1
1
54
391
1
26
1
1
36
1
281
155
26
1
213
56
38
1
1
218
340
1
1
90
332
25
24
67
1
281
1
1
229
111
818
51
473
33
1009
1
1
108
552
114
42
325
1
1
106
1
586
179
388
75
1
1
309
26
1
192
1
281
1
51
1106
978
1
558
975
1
1
220
1
122
406
380
218
212
641
1
132
784
1
1754
10
1
639
199
59
639
51
141
1
1
1
1
1
113
14
98
268
239
361
1
91
75
1835
388
220
554
1
75
161
1
1
218
281
51
437
208
547
516
57
476
50
373
1
1
76
141
1
755
75
1
1
26
415
220
216
102
1
1
26
179
281
24
67
152
1249
200
179
281
1
1428
1
274
220
141
271
1
681
4
1
1
180
26
67
1
1738
25
1
1
54
8
453
290
179
704
54
26
282
1
26
67
141
1278
1
281
45
374
125
392
41
1
281
139
442
314
1
220
1
174
1
103
1
676
57
847
1
37
83
1
1
34
162
123
103
24
141
1
1
418
469
218
1
1
218
650
101
319
289
732
717
39
1
1684
61
26
1
354
96
261
218
419
22
281
1
1
657
1366
1
1
314
1
1
1
35
212
54
190
134
1
281
759
1
1074
220
1
24
317
220
74
179
1
179
228
24
1
415
1
274
603
2054
133
123
1
6102
1
1
281
1371
218
1
1
1324
103
1
844
103
1
340
1
1
394
1
40
1
20
51
108
50
1
220
1
326
356
1
1
533
91
189
340
433
35
58
431
1
29
504
108
1
1
281
310
1
282
238
1
136
1
409
1
220
1
944
378
1
91
39
220
1682
1
220
1
1
127
152
305
349
1
651
204
144
390
1
1
1
1
185
26
399
143
1
277
1
281
4006
73
110
218
420
84
1
1
113
405
1082
1
1
298
1
26
67
51
129
1
220
24
58
26
469
220
25
1
1
25
24
1
1
252
1
261
1727
186
32
797
592
1
150
495
403
1
220
1
152
11
113
1
125
26
312
281
24
1
1
24
908
91
406
91
126
281
1
75
477
1
596
152
722
813
467
1
194
1
968
1
373
419
45
26
752
4196
1
86
1
908
129
1
1341
3175
385
1
342
104
325
896
838
868
1
281
138
54
1
91
1
26
442
35
1
268
1
281
380
1
305
1
2373
102
323
1
141
1
1
218
1
281
1
12
179
314
509
1
84
114
1
1
1
21
24
23
91
208
543
114
127
165
179
1117
400
1
1
237
26
481
1
141
674
407
1
43
180
141
218
120
295
160
218
632
1
281
218
101
783
25
1
1
1
151
160
300
24
1
43
179
107
1
110
96
427
113
108
458
41
24
145
1
1
242
1
71
218
1
803
1
281
32
218
218
1
1
84
1
281
1
648
220
218
751
1
58
24
600
179
229
154
958
426
897
220
218
896
218
141
1
102
1
466
181
155
1
281
1
1
1
114
1
552
249
218
220
26
218
1
404
1
705
1
550
51
1
743
281
1449
1
65
189
37
62
25
107
26
282
1
1
204
120
135
1
285
38
108
133
361
118
61
570
748
1
1
281
224
408
641
221
32
1
414
32
117
1
478
414
220
346
281
1
721
649
1
24
179
811
281
147
90
1
23
332
1
1
1
448
1
1
24
1
2663
199
320
281
220
649
123
452
26
293
24
1
110
1
906
1
1
374
24
392
1
1
96
367
179
1
32
160
1
1151
1
282
218
179
343
1
23
1
1
415
1
463
281
3096
655
27
207
494
68
1040
1
935
1
88
670
153
75
1
179
375
51
1
1
1
1
1
1
281
1
1
1
51
93
281
51
22
445
260
512
1
309
257
866
5
197
295
1
45
252
1
41
281
1
1
1
220
84
75
325
376
920
30
1
51
380
1
1
1
220
1
1
29
67
77
854
1
42
56
595
340
1129
1
1
1
95
1
1
220
84
1
128
1
2145
281
179
204
1
1
67
1
1
417
1
198
51
1500
281
1
1
1
1
190
1
1
714
24
1
281
372
1
1010
1
25
102
2156
425
26
24
253
444
143
1
1
331
1
295
220
883
1
125
24
51
1
358
325
45
432
21
1
55
2526
218
579
1
822
220
50
24
112
26
568
1
24
1
24
1
494
1
218
83
25
649
314
246
1
446
1
179
221
208
10
1
292
135
24
743
102
12
1
24
1
114
281
1
1
179
281
35
1
25
141
1
75
504
77
32
1638
1
57
47
325
178
218
252
284
32
274
312
1
23
406
548
2052
190
281
2609
1
50
1
1
46
261
1
61
1
1478
8
739
356
184
86
1
394
1
317
144
101
588
258
141
194
273
36
437
218
1
281
1
360
374
1
1
1
1
129
418
1
1
114
141
106
281
911
74
135
15
241
440
292
48
111
236
134
281
739
224
220
144
142
45
1
380
441
411
808
346
437
373
407
1
72
32
1
281
410
146
150
83
179
255
1
1
159
1
60
473
2736
76
97
1173
30
1
114
1
1
1
114
152
300
748
1
218
253
1
218
359
1
343
94
307
1
1
1
207
220
1
768
1
298
235
1
503
465
467
464
320
1
462
1
211
1320
371
435
63
29
876
48
14
74
1
220
39
1
31
220
67
1
453
1
218
450
102
1
371
21
536
30
1
1
1145
1
212
1
1
77
21
26
655
322
348
1
126
289
102
1
376
791
1
77
15
284
139
1
51
75
1
1
1059
179
1
854
35
447
281
762
107
14
604
1
220
24
281
281
61
1
125
1
1
57
179
76
220
1
1
1
1613
220
1
34
426
272
1
54
22
126
40
263
1
32
133
102
26
37
1
1251
1
185
716
10
12
120
228
1
29
1
21
864
58
1
476
1
24
151
415
392
96
1
811
322
864
1
1
203
1
1
59
388
283
722
1
106
35
1
1
343
218
1
1
1
349
51
1
220
1
1099
26
182
304
242
437
1037
1
242
314
1
1
281
1
768
1
1
95
220
24
450
1040
153
1
1
117
506
309
24
123
179
1
106
1
860
438
141
860
378
845
593
32
770
445
33
1
176
648
26
229
24
1
1
143
426
58
354
1
24
1
108
1
758
1
1
380
26
26
1
91
208
212
149
1
1
384
24
281
627
26
116
25
1
75
1
542
11
51
1137
1
1
120
1
1
261
27
903
802
26
1
1
1
1
128
220
122
1
383
1
1
1
444
453
108
1840
1
378
1
123
202
90
135
1
168
173
1
85
1
281
220
45
26
292
39
403
1
103
1
172
220
77
1
1
123
1
1
185
90
862
183
1
57
675
74
281
95
217
1
1
1
83
1025
453
25
704
1
281
1
24
402
1
76
987
218
185
1
220
296
1
35
630
1
387
1009
149
860
291
143
75
1
1012
631
1
179
281
1
1
1
135
75
179
1
369
997
27
1
1
281
757
394
154
1
1
91
176
1
308
523
1
103
154
1
24
1
74
1
458
113
1
1
309
249
1
70
218
1
143
35
599
315
141
1
75
320
380
32
1
218
1
1
220
340
35
16
35
1
1
512
24
1
281
1
141
19
1
10
91
543
1
281
24
1
102
383
1
220
1
1
1
499
1
220
108
1
30
324
129
151
1281
218
1
179
565
1
378
1188
300
30
338
93
67
433
129
36
144
146
293
38
1
170
1
1
316
38
1
1
237
1
1
345
1
386
1
98
1
26
1
220
1
3118
735
968
406
639
1
16
616
300
179
32
281
35
102
281
1
106
252
141
1
1
24
120
72
179
281
304
241
200
725
1
333
271
208
75
91
1082
218
970
72
35
1
149
128
127
1
360
132
134
32
1
295
59
1
65
35
52
1
190
252
257
401
385
49
1
887
73
1
352
1
136
109
152
1
56
281
1
26
451
282
107
141
285
24
466
129
1
316
309
1
1
281
281
32
44
262
75
1
1
462
345
24
1
1
1
1302
65
443
189
1
83
1
184
281
1
1
1
58
372
1
270
330
438
1
652
1
218
380
42
1
1
486
102
1488
129
1
769
91
59
27
3352
384
1
1
1
784
1
281
281
1
600
1
1
25
32
45
1
1
24
53
73
187
414
340
293
1
1
1
282
406
523
1
1
763
281
1
295
80
646
371
141
492
51
31
1
95
123
284
202
1
1
323
54
16
452
1
1
220
1
220
1725
1
218
107
125
690
47
43
90
141
736
166
1
241
63
1
143
51
224
652
1
1
64
1
1
190
115
218
1
1
169
1
137
218
548
1
46
140
405
1
1
883
1
1
268
1
1
1
1
314
113
1
117
274
195
106
95
360
1
1
651
83
141
457
1
515
220
26
1
197
1
1
1
1
1
462
1
1
202
1
1
533
1
395
1
598
455
1
75
38
218
102
45
1
1
1
57
110
18
27
1
166
217
129
1
64
1588
122
48
340
30
1
1
141
392
281
1
25
432
115
25
397
179
179
85
220
26
10
1
281
293
1
12
74
1
1
1
130
1
254
1
573
178
1
287
1
1
1
253
24
379
1
281
32
1
1
909
340
36
1
281
220
405
49
281
1
324
48
1
1
143
857
1
102
22
896
76
483
2254
321
1
75
26
1
325
556
65
1
218
1
281
1
24
1
36
281
70
281
1
220
343
218
688
1
406
19
51
1
1
17
1
1100
384
427
632
175
165
228
282
1
1
32
356
1
156
111
162
1
95
179
113
1
1
179
263
69
1
24
119
548
101
281
349
1
1
220
1181
143
37
2843
435
223
26
281
1
220
12
108
448
45
1
35
281
141
488
1507
281
5
498
1
5
818
75
1
1
1
281
1018
51
377
542
1
654
259
1
860
1
578
1
1
298
220
67
260
363
247
113
438
67
101
281
547
429
1
384
685
1
281
1
279
864
1
1
1
789
86
161
291
179
1
1
751
281
108
220
218
1
1
117
26
334
281
1
10
220
401
24
1
32
120
281
1
1
1
75
378
160
281
82
218
289
220
472
99
1
19
377
462
1
301
150
152
25
24
157
75
1
25
1
218
81
1
32
190
281
877
218
220
26
145
981
413
240
1
1
123
1
32
35
867
1071
151
1104
1
1285
123
220
1
953
220
122
238
1
179
751
672
259
109
1
499
26
175
288
24
123
281
41
553
242
648
32
1
425
398
108
128
460
1
220
1
218
179
179
153
1
88
125
60
979
1
154
1
25
860
776
1
1
1
242
25
371
1
785
158
207
1
242
109
1
26
1
281
1
179
1
1185
598
29
1
238
25
465
602
281
24
1
1
1
70
642
5
765
1
340
1
1
1
127
114
281
118
75
134
864
1
1
1
25
458
1
1
218
1
23
406
1
1
381
1
1
533
179
1010
14
1
107
1
21
1
1
113
116
220
26
226
156
1
818
453
1
177
1
43
84
45
75
157
60
202
1029
360
24
26
39
342
141
818
1
1
1
143
107
1
129
26
611
75
21
220
50
224
1
45
60
1
1
323
1
1
1
1
281
196
186
1
405
26
174
379
278
91
81
957
143
281
1
380
1
236
114
1
309
1
1
2896
258
1
152
218
363
101
660
1
1042
50
1
1
24
105
157
722
208
554
113
1
149
1
220
490
287
1
577
1
1
1
1
1
1
296
1
208
36
483
57
102
1
629
404
242
281
94
20
283
1
1
358
1
93
463
20
36
141
220
1
220
154
1792
24
281
281
211
48
168
724
378
183
121
6
1
1
1
1
163
1
1
108
360
220
1
1
1502
1
218
107
1
141
860
218
1
1
224
1
23
109
2382
1
67
188
220
121
722
1
1
420
159
991
24
220
220
99
281
281
1
1
662
1
101
642
832
179
129
243
347
456
242
1
24
1065
546
1
259
292
75
60
420
1
1
373
316
406
281
1
179
220
102
185
603
1052
281
378
218
218
26
1
1
1
506
51
46
1
1
143
255
345
281
1
348
75
1
381
281
21
1319
2120
8
141
3399
137
108
1
674
548
883
385
1
26
236
357
220
1
1
1
38
1
448
179
1
155
1
737
75
298
1
1
26
281
179
220
281
1
1
189
1
1
179
1
1
53
165
613
10
1271
467
309
281
1
1
304
676
224
1
1
40
406
1
1
161
1
1
125
262
123
179
216
179
1
1
1
95
106
1
401
143
281
1
1
1
1
1
1
1
198
281
1
1
1
405
26
939
1
144
1
416
345
1
1
1
24
477
143
176
435
230
1
218
24
348
1
220
83
48
103
239
135
281
1
1
846
33
1
24
1
132
583
406
226
1
328
218
1
51
169
1
1
321
293
141
109
1
220
384
1
1
15
173
161
1
149
78
63
548
55
107
143
1
711
111
72
120
242
1
417
1
1
1
404
220
1
1
32
157
281
21
283
76
172
281
24
295
1
1
199
357
35
57
220
1
1
382
95
53
218
1
345
1
75
1
281
35
220
42
210
1
12
1
233
1
218
252
1
469
808
281
251
1
261
399
157
218
1
1
17
179
1
101
1
347
67
24
379
1
1
1
218
1
1
193
113
1
1
435
1
1
298
75
1
180
1898
340
220
272
218
114
1
278
1
257
80
1
67
585
454
200
267
91
1
281
26
337
360
218
722
220
54
1
1
1
148
772
121
116
281
1
26
179
764
22
151
1
141
145
24
1
220
1
796
1
40
40
48
24
281
1
26
474
1
220
1
17
281
281
179
3885
1
764
487
741
1201
41
281
946
115
1
177
350
281
32
489
405
61
648
1
270
1
129
60
1
281
1
157
1
1
26
52
1
224
1
340
325
1
1
118
220
1
1
1
281
1
141
1
1
1
1
143
872
179
733
1
1914
1
1
237
179
185
1
249
430
1122
1565
179
670
1
26
133
243
401
554
26
1
572
21
179
179
218
59
784
1
298
906
1
437
1
218
1
30
1
1
639
818
1
230
1
1
267
122
20
1
281
1
1
220
1
1
1
36
569
430
1
24
357
179
1
1
609
220
25
465
89
93
1
141
1
585
1
920
1
281
693
43
312
26
270
373
1
1085
32
1
1
225
146
1
32
240
1
435
179
1453
1
24
19
188
811
296
65
1
102
1
1
261
1
1
1
285
1
179
41
736
26
1
1
1
311
32
1
258
200
251
464
488
599
1
1
32
647
83
45
281
1
1
32
51
1
433
220
149
281
1
1
131
129
51
242
220
1
80
141
430
32
143
1
1
1
1
540
1
179
468
67
1554
1
1
8
179
383
378
52
1
97
26
176
26
281
111
1
1
141
75
401
1
211
477
1
1
220
185
1
1
257
1243
253
1
1
26
1
241
26
32
1
67
844
201
374
1
218
1
326
1
79
550
1
39
166
1920
128
1
179
43
75
251
25
1
380
1
1
24
345
194
218
248
1
171
35
1
869
1
24
281
8
76
1
1
26
17
86
378
65
386
844
26
1
24
79
648
279
1
179
393
51
336
1
281
648
1
25
1
882
375
45
121
123
1
112
1
1
179
120
218
220
12
1
153
1
1104
91
1
72
1
125
281
1
1
463
231
1
113
39
381
536
397
25
1
11
62
101
1
1
281
1
1
25
63
218
746
1
418
68
1
415
1
420
281
60
241
1
261
538
220
1
463
108
90
71
867
528
153
1
1
58
340
1219
1
281
1
686
220
14
1
24
158
208
329
1
527
1
1
1079
112
1
67
1
295
462
179
1039
1
200
32
599
1
30
573
179
281
811
1
218
1
319
114
431
141
281
806
1
198
281
238
1
339
1
127
220
281
218
1
551
180
125
29
29
1
153
24
99
41
218
268
1
1
297
179
167
237
1
90
117
1
32
66
189
1
141
414
610
26
224
1
92
631
387
347
1
1
1
1
1
598
218
24
288
141
281
67
107
141
496
1
45
39
148
123
57
255
281
446
1
345
281
90
281
255
242
309
1
123
21
163
350
1
1
1
67
2729
220
11
30
12
390
1
99
57
1854
802
57
340
1479
322
451
160
24
108
50
138
1
636
208
287
26
1
1
268
141
122
1
1
1
1
1
13
404
51
37
159
24
179
260
281
152
26
220
336
251
342
281
1
1
220
24
113
651
1
281
114
1060
1
179
211
1
1
1
466
14
1
1
239
281
281
1
243
308
1
1
1
281
207
3548
157
1
1
1
97
35
1428
117
281
1
1
1
991
1
730
285
243
1
1
26
1
1
1
351
1
373
1
141
1
507
123
512
1
486
51
281
86
1
383
1
1034
1
298
1
4969
1
1
26
10
143
1
1
26
281
3864
220
1
894
24
1
303
1
270
1
178
1
1
1
459
281
60
1
802
335
374
1
58
674
1
281
152
1
281
379
1
24
222
20
50
469
58
483
91
787
1
35
31
1
50
149
24
1
179
1
1
1
1
194
1
1
378
19
108
548
843
61
1
1
75
639
141
1
356
59
1
1
101
1
1
281
90
92
312
51
1
610
340
831
478
179
1
12
17
639
1
364
1
1
516
32
281
1691
398
1
275
75
197
266
1
270
1
1
259
1
1
1
160
58
1
396
1
218
1
1
1
378
73
1
720
908
1
1
255
1
102
211
281
1
1
26
1
1507
548
1
1
218
457
548
83
21
1
41
117
636
218
43
284
711
1
777
1
281
370
218
51
1
195
101
1
133
419
218
1779
1
1
570
294
257
1507
1
1
23
468
282
271
1
355
1
1
670
309
35
1
141
177
816
390
152
234
1
133
281
1
302
1
1
24
1
245
123
1
1
1
265
437
141
41
1336
1
1
275
453
704
57
200
153
1
722
164
1
257
801
1
1
126
1
202
365
50
1
1
327
364
406
364
281
144
105
1
1
1
1
52
1895
72
332
1
1
24
1
674
281
1
371
1
281
220
218
156
1
1
32
150
20
346
220
1
554
5
219
224
218
103
1
179
281
381
143
1
75
1
64
1
576
319
218
1195
281
179
35
1
141
220
252
1106
453
25
24
50
281
384
2440
28
1
1
601
57
63
220
1
508
143
24
281
153
41
1
1
238
41
107
1
220
69
220
24
34
319
172
1
782
1
28
504
1505
340
83
73
1
51
26
1
1
75
271
442
1
380
26
1
281
281
309
339
24
1
423
24
524
152
705
349
113
239
1
409
1696
849
39
1
359
198
281
1
1
83
481
141
352
281
260
218
1
1
623
66
257
1
1
24
546
152
323
281
1
1
1
541
1
1064
1
10
239
108
86
139
243
220
73
281
830
102
179
251
548
1095
39
97
303
199
371
137
281
1
544
179
549
179
165
281
218
1
624
1031
246
179
281
165
179
2475
1031
722
179
73
423
107
108
442
220
884
883
150
340
1
597
1
1
302
32
102
108
220
406
75
1
476
1
883
407
1
182
26
114
220
113
1
46
26
565
25
213
1
275
147
342
281
1
32
1
126
46
492
91
939
1
64
75
1
1332
281
179
1297
1
74
95
270
32
88
1068
255
102
75
1
178
1
466
383
744
236
1
218
281
384
1
697
224
187
285
141
72
34
1
300
1
860
20
1
1
1
114
26
1
1
218
220
736
657
1
281
1
1
1
40
148
106
40
105
1
23
102
275
1
1
1
1
108
340
840
17
220
111
408
191
26
251
113
139
1
84
1575
108
1
24
24
3110
220
149
26
1
1244
24
281
392
2624
1
287
24
1
431
1
694
51
348
1
1
1318
317
218
1
134
811
448
198
141
1854
1
320
116
1
32
1
138
1
1629
157
325
128
26
153
75
27
242
1
220
375
131
1
281
1
405
24
21
262
1
1
1
183
305
141
368
107
371
1
51
1
1
1
897
1
123
274
1
114
1498
1
1
618
218
260
1
153
105
281
1
242
1
1
5
1
281
53
1035
1
1
28
62
1
143
1
1
179
218
26
1
281
1
1761
531
1
35
1
348
101
1
295
72
179
57
407
599
353
281
454
1
1
1
281
1
156
32
142
163
315
59
1
225
281
123
1
412
1
1004
1
53
1
409
176
21
35
1
1
1
1
1
281
460
54
108
1
1612
1
89
140
90
570
212
356
707
220
26
1
32
114
607
624
141
26
1
281
234
1
179
1
132
897
76
1
292
1
25
141
19
220
1514
840
317
1
1
1688
100
24
340
1
37
281
1
77
179
268
26
179
345
448
204
759
1
126
36
75
1
143
389
198
281
135
248
220
281
221
26
673
1316
553
1088
24
1
1079
51
25
732
1838
355
2821
507
159
50
1
1
146
499
417
220
141
177
1168
220
1
1
1
75
1
478
1
255
716
218
153
1965
796
257
1
242
185
172
104
220
176
1
1
1
50
281
538
393
1313
682
1
265
1
1
220
801
1
1
930
1
854
1
220
224
1
179
281
75
1
84
26
1
125
1
1
218
324
46
281
1
1957
281
281
41
179
1
67
88
107
30
224
470
10
1
371
1
1
51
1
218
23
179
75
131
5
45
1
129
176
1
1
1
1
480
84
1
75
281
1
111
601
75
1
220
281
1
23
115
285
1352
379
281
179
724
1
314
1
220
75
1
1
107
62
179
220
25
77
209
1
220
378
179
957
1
25
225
1
679
368
75
114
27
602
1
1
37
1
177
1
210
1
129
150
1
773
277
26
281
98
1
32
92
281
1
220
281
1
533
281
648
58
141
130
1
1
281
372
133
354
290
220
1
257
281
234
357
1
132
24
281
207
1
218
108
281
1
1
29
102
1088
32
24
56
437
453
84
1
1
26
281
226
57
27
81
80
1
141
63
179
26
44
548
1
321
322
132
1
897
492
224
358
26
113
220
179
281
1
272
726
192
1
26
113
599
1650
1
220
1
2394
113
12
762
199
355
123
185
149
1
820
173
387
179
838
176
220
1
15
242
1
175
220
170
281
179
1
1
103
32
281
219
1
158
1
63
1
24
131
107
1
597
91
1
203
1
1
128
179
1
55
714
4263
751
472
1
70
61
318
218
51
1
281
281
1
1
194
141
218
2544
1
170
30
281
113
152
1
157
62
1
1
141
281
1
220
1
1
305
1
89
532
143
1
1
1
1160
1
1
281
172
179
1
1
1
423
218
1
1
1
125
1
1
1
24
1
179
1
26
160
281
787
1
1
453
179
220
86
336
57
130
1
281
1
26
759
1
143
1
626
1
109
46
1
218
1
412
28
373
125
399
1
194
10
309
62
123
1
292
25
220
165
33
1
30
140
149
91
260
484
1
130
75
281
24
1
386
51
1
176
51
767
85
1
179
1
1
158
1
72
24
1
179
224
1
162
24
75
220
26
123
1
179
722
21
24
23
1
281
117
91
162
218
1
30
737
1
220
1
340
141
127
1
141
1
1
1
1
199
466
641
1
220
1
1
1
1
1
1
181
203
107
208
141
1
1
1
67
1
547
45
26
1
1
729
872
179
63
496
126
242
374
24
41
179
1
67
1711
190
1661
1
1
101
1
1
220
67
1
289
1
323
527
264
24
1
220
268
258
1
179
1
91
1
125
2526
80
448
535
108
683
220
432
320
1122
26
1
291
218
281
298
1
1
141
1
1
1
220
1
541
35
359
1
243
134
381
1
26
1
419
1
50
374
220
1
24
854
106
449
17
220
340
1
1
1379
281
704
283
641
1
84
1
1
331
1
1190
1
24
56
548
32
26
1
127
1
1
220
119
85
255
39
25
229
37
569
116
1364
354
179
218
179
533
1
164
1
367
396
1
305
456
681
130
220
1
220
281
1
101
2074
153
218
1
340
294
1
462
1
89
114
281
220
447
146
207
1
135
1
1
220
218
1
1
1016
1
242
26
113
179
229
179
224
1
1
218
1927
35
1
1022
102
1
1
1
32
179
46
1168
1
234
260
1
120
141
298
35
220
715
218
649
51
57
1146
1
179
24
218
1
242
1
496
72
290
242
390
1
128
86
12
1
1
1
244
50
324
10
278
25
242
374
22
83
226
1
1565
515
26
220
54
29
57
223
1
901
767
281
355
220
1
32
25
309
1
1
11
1
1
200
294
1
1
11
165
224
26
51
663
1
176
281
113
342
73
406
35
218
1
141
22
1
340
179
51
24
32
1
948
51
625
255
1
96
32
690
281
953
49
1
1
278
1
3314
141
189
380
1
37
141
1
195
218
26
1
218
1
114
329
372
28
1693
164
1
1
111
69
1
281
139
132
1
1
281
1
1
439
1
185
824
474
58
252
251
513
374
26
818
1
75
218
57
281
208
218
179
51
2441
312
1
255
1
91
220
1529
1
1
218
1136
179
1
218
106
1
69
621
83
21
339
349
1
26
1
182
1
220
1
269
220
207
53
186
1
281
1
1
220
360
137
129
26
104
264
1
431
1
1
220
179
453
872
1
27
472
1
41
1
1
292
56
114
380
296
26
349
46
220
26
681
555
56
1
262
32
125
184
142
158
106
1
218
179
1
281
1
1
102
12
1
1
496
1
1
474
1
261
220
26
32
276
1
380
185
1
1
1
1
1
25
1
1157
126
1
281
1
396
220
364
67
152
138
241
340
1
176
57
451
108
1
112
32
24
268
230
1
1
1
1
728
56
67
95
57
135
1
29
603
352
179
400
321
141
580
251
281
1841
123
118
1
1
310
281
198
1
1
1
309
281
101
1
1
41
1
1
50
1
220
105
329
722
220
1
3248
1
129
218
281
360
1
1
218
19
57
590
492
224
483
281
1
108
114
412
459
1
533
90
1
143
1
281
1
220
1
1
3104
939
403
218
1
35
1
1
83
123
567
58
1
45
281
301
1
1
179
218
1
220
179
309
281
2751
105
26
334
841
102
149
24
23
156
1
113
293
548
1
1
282
1292
1
1
1
128
1
1
1125
1
363
1
340
29
314
1
248
1
281
218
1
154
183
311
526
218
1
1
1
885
224
108
220
342
26
203
118
374
1
102
599
108
27
1
196
1
1
138
1
59
504
702
785
32
228
220
304
1
298
178
1
384
220
26
1
1
281
362
1
1
26
1
57
45
1
1
179
1
37
1
340
179
103
1
220
24
637
1
811
481
1
123
355
179
3167
35
1
445
26
281
1
54
375
24
976
281
1
69
1
123
1
141
1
317
134
318
1
1
1
61
107
539
172
712
1
158
17
331
224
141
281
541
1
161
411
106
1
32
1
45
281
179
25
117
74
723
141
349
287
211
220
128
1
340
218
1
1
66
67
179
473
26
45
1
134
405
167
256
32
119
712
637
1506
38
1
1
127
266
1
672
1
1
1
218
84
1
1
242
220
1
679
1
218
23
1
1
75
218
437
75
1
67
177
321
1
90
1
1
44
1
1
403
122
254
224
293
1
1
865
1
664
1
854
1
179
315
556
8
1107
43
97
1
147
1
23
281
650
1
84
1
117
1
370
179
1
1
10
698
141
400
43
90
220
702
384
1
1
496
1
651
1
114
220
1
220
1
1
339
1
1
292
410
50
1
24
26
1
26
1
368
281
258
1
67
1
1390
1
1030
1
1
281
864
26
345
755
26
12
12
30
1
1
1
1
108
1
187
339
1
131
355
176
1087
1
1642
1
155
319
218
317
297
1247
113
667
205
539
1
1
639
105
1
370
26
1
260
1
220
1
179
30
42
371
1
1
218
179
141
585
45
1
242
96
720
656
372
477
1
83
179
179
1
24
1
1
10
127
364
983
266
171
1033
1
733
476
585
1
24
1
113
281
40
198
1
893
1370
483
50
329
243
1
285
220
218
381
1
242
118
1
1
75
1
1
32
371
1
347
281
141
32
340
387
596
395
181
128
557
1
179
58
1638
32
1
1
121
1
143
1
281
160
12
141
373
179
1
315
179
25
91
374
426
12
1621
184
281
1
1
498
1
378
25
1
1
1
281
1
1033
1
1
1
1
116
136
1
627
1904
1
220
35
130
1
1
1
179
1
697
363
281
295
348
627
218
298
1492
236
114
281
220
323
253
95
383
29
413
220
1
1
438
1
108
421
284
368
125
218
1
1
160
1
163
287
429
57
1
95
1
296
281
1187
24
206
26
75
179
15
26
606
220
1
1
218
1
384
1
1
99
220
23
1
120
220
1
160
1
1
311
141
399
376
108
226
249
1
281
227
347
45
365
1
55
1
125
1
421
31
1
611
1
1000
292
141
1
30
108
36
12
220
1
1
1
1
143
391
35
46
31
1
281
1
1
1810
1
1579
220
340
367
56
110
1
254
548
218
114
535
67
1
12
281
1
1
1
1
281
1
25
280
844
45
83
654
1
141
181
765
75
6045
143
129
126
333
380
307
3085
1
1
32
309
110
135
1
285
1
1135
340
1
1
78
185
281
1
75
218
312
122
197
30
1
218
281
1
84
204
99
179
294
176
129
346
90
176
292
1
1
57
306
1
378
266
218
1
453
759
234
228
220
1
51
218
123
1
314
84
1
185
185
220
1
113
1
1
281
169
21
1
290
152
207
8
179
842
724
26
1
75
24
114
1
44
499
1469
179
1
1
674
1389
26
1731
414
26
1
26
57
281
438
26
1
6368
1
134
108
276
329
179
218
1
74
234
1
1
1
45
5
925
40
281
595
90
24
129
41
117
1
1
1
1
41
548
1
252
1
301
2481
132
21
32
1
1
84
1
129
321
218
294
281
1
32
129
1
179
1341
1
218
1
26
247
132
3388
698
204
1161
281
281
179
113
1
278
26
1
670
816
366
1
1
463
617
1
11
108
446
218
1
251
362
1
319
35
185
25
309
220
1
1
1
261
1
532
1
179
281
1
419
1
1
1
1
1
281
51
419
26
165
1
132
695
820
1
374
138
1
1
1
179
162
51
1
143
77
219
32
1
220
283
26
51
1
24
283
1
466
281
405
378
640
118
220
1
55
411
180
1
281
445
32
260
1118
539
141
183
220
410
220
50
218
281
1
76
1
220
108
78
51
34
167
51
57
39
153
327
281
1
123
1
1
220
2150
75
1
36
78
98
32
197
102
185
199
218
1
248
26
45
1
162
141
108
353
1
140
1
839
143
1
1
595
137
220
334
1
666
218
340
1
141
620
417
26
281
220
1
1
24
1753
458
1
427
386
241
1
115
1
141
380
218
1
818
26
722
68
1
1
281
57
109
322
805
1
220
30
15
179
132
482
57
95
50
1
752
1
218
208
1
469
220
1
1
385
29
1
281
1
1
1
239
1
45
1
145
220
112
772
1
355
119
1
1
1
143
281
125
369
373
1887
374
339
589
295
1
920
141
152
171
1
91
1
380
1
326
1
379
207
1
281
1
1
68
309
300
1
126
1326
364
1
1
318
91
1
1
43
345
25
141
1
281
928
280
304
39
281
262
281
143
188
1
263
948
220
1
311
1
197
340
86
220
281
268
281
1
120
75
167
257
1
1
1662
52
26
1
117
1
141
48
500
275
218
148
24
379
672
1
199
204
179
1
32
134
108
176
130
293
1
597
123
1
1
67
57
1
298
83
309
1
67
198
143
1
1
1
219
246
278
218
274
1
292
38
1
1
76
179
207
185
26
123
876
1
1154
631
1
331
577
65
281
259
92
1
189
291
218
1
197
252
220
1
394
181
1
1
161
373
102
1
1
1
2082
281
403
1077
179
309
84
348
218
141
485
1
1
266
54
12
1
1
84
1
309
140
35
1
179
281
429
315
1
406
1
220
268
32
218
95
1
220
129
30
204
281
343
30
326
1
438
509
437
347
281
462
24
1
1
1
1
1
84
141
262
1
145
1
26
50
281
303
61
1
218
369
1
1
176
1
406
86
107
281
708
1
179
1
67
107
1
218
1
1
281
220
1
1
141
1
60
101
1
210
234
1
1108
1
1
876
371
1
67
281
611
27
241
771
220
371
784
179
1
73
224
383
467
55
1
22
218
40
150
360
341
1637
1
218
281
63
1
179
208
1
58
1
133
95
454
1
102
641
298
114
1
1
903
242
295
24
516
289
1
37
261
1
1
261
11
1
58
179
497
321
1
95
1
1
112
353
223
421
378
427
113
24
454
208
1
380
1
234
1353
1
1
178
141
179
1097
243
179
220
1
141
179
1
647
1
179
1
1249
125
281
10
403
400
112
1551
378
185
179
51
141
281
261
260
281
1
1
1
720
281
261
1
1
1
51
1
1
1
380
232
1
101
281
63
267
1
1
1
1
125
281
1
98
320
765
380
1
1615
430
258
1
1
239
281
281
1
102
1
1
26
1
1
775
116
1
1
37
208
1
599
1
1
280
1
220
106
26
179
1
676
220
1
340
703
281
241
1
479
148
242
218
1
897
66
1
1
950
1
220
281
281
128
1
1
186
1
220
1
394
37
1048
25
1
224
300
1674
325
129
1
1
281
1
172
281
281
281
1
111
537
549
179
71
67
1
281
1
32
1
1812
51
1
141
334
245
1
231
200
179
1
179
26
25
1
1
932
1
1
179
26
11
123
1
179
1080
123
1
110
218
228
920
153
84
480
1
1036
773
1
378
27
1
348
18
1
159
51
1
1
24
1
1
625
26
218
293
176
15
1
400
68
1
242
1
1
655
41
249
73
392
1303
237
790
906
281
1
415
1
26
16
218
21
42
1
384
279
220
182
1
252
1
218
1389
3030
916
1
220
1
390
1
129
220
232
255
98
15
243
1
281
55
1857
818
1
2308
270
407
1
1
80
403
304
681
353
113
1
114
75
1
33
218
424
366
1
51
111
1
1
35
28
11
1
456
281
712
211
405
758
91
1
75
26
446
1
95
42
281
98
1
1
75
194
479
498
1
5
218
218
1
384
1
1
26
67
32
205
281
1
576
282
1
281
1
2322
281
1
406
270
523
202
349
1484
533
141
410
630
220
341
419
45
211
282
179
42
1
542
1
693
997
153
504
1
281
69
2425
35
224
1
281
324
1381
281
143
450
220
1
1
1
377
84
26
218
1
220
632
220
218
190
284
29
1
1
218
378
281
313
116
1
53
1
102
129
1
141
1
1
242
1
666
1
307
1
64
1
105
611
1
474
1
59
548
1
1
179
224
179
1
208
353
1715
179
3548
1
24
1
75
486
1
75
300
179
1
1
345
92
309
108
43
389
88
228
25
24
24
261
281
1
1
1
1
114
218
1
310
1
460
1
1
1189
384
51
281
179
224
490
295
382
281
340
46
1714
218
1430
185
1
1
512
1
281
84
1
1
99
1
281
179
1
242
1
353
1
141
107
264
260
281
1
401
1
456
1
10
1
1
1
1
197
281
25
1
198
220
1383
1
666
179
543
1
1
426
897
110
120
35
1
43
1
30
281
179
1
62
1
1
21
274
220
1660
1
1
183
1
69
24
281
453
1
143
26
1001
1
26
242
382
499
36
220
584
179
1
406
486
1
512
75
220
218
784
1
1
135
1
1
798
1
192
281
442
281
1
1810
26
1
1031
1
281
77
281
126
989
282
27
24
1
143
596
217
1
53
1
1
242
811
69
248
1
1
1
442
1
95
1
125
1
281
1
1
1
72
809
102
284
293
1
281
270
27
179
1
1
218
100
1
268
179
50
24
387
1
722
1
1
1
1
123
1
281
67
108
1
378
1
281
1
143
2609
277
267
143
355
271
220
448
220
1
281
220
1
75
125
46
394
1
852
327
51
991
281
337
26
220
41
1
132
1
411
281
36
24
1
1
92
218
1
1
281
1
26
218
179
281
379
156
220
84
208
675
1
245
507
281
309
2382
830
114
21
35
281
246
218
220
194
218
25
951
129
218
318
158
304
1
24
101
57
220
220
51
179
1
218
282
637
1
1
281
102
1
218
220
224
75
1
1
911
1
1
281
215
57
26
1641
818
220
50
1
1
220
322
210
1
1
940
1
1
302
102
505
92
626
68
30
1
206
745
179
84
1
1
220
242
1
2041
105
242
179
1
41
179
1
1
281
1
1
1
282
1
220
1
78
281
548
265
92
378
201
447
262
129
262
1
220
218
198
1
178
1
44
342
1354
281
24
1
193
137
1
26
224
26
1
248
309
410
125
107
482
15
1
476
92
12
655
179
207
378
14
391
126
281
1
1
220
281
218
220
1
88
45
220
1
104
224
120
220
737
220
1
1
108
1
829
96
364
1262
1
1
1167
1
209
1
102
1520
403
1
1149
95
1
1
135
1
66
1
309
1
220
262
774
218
32
51
1
23
32
220
1
145
262
281
1363
1
289
35
1
220
32
860
1
179
1
444
548
281
1
107
231
1
1
224
1
292
415
548
204
296
270
1
1
1
1
10
1
64
864
736
1
76
255
1
281
505
854
1
218
32
683
40
242
76
767
220
10
37
245
278
1
1
24
242
1
720
141
71
108
1
95
1
214
51
24
844
145
107
72
1
26
31
1
1
322
1
1
54
26
281
220
406
281
870
45
238
281
130
176
102
281
344
1111
1
524
204
1
1
1
1
874
218
141
1
1
1
37
216
67
179
18
28
281
118
558
1
49
113
1
189
598
147
1
480
218
257
200
517
159
218
218
1
1
203
93
1
59
147
1
1
340
205
372
1
1
25
218
340
1
281
39
234
32
352
281
167
83
1
218
383
23
1
189
281
1
1
1
1
112
1588
26
292
1
353
281
347
1
1
1939
403
1
946
281
1
283
1
465
224
138
499
1
136
260
281
1
109
155
45
1
242
281
141
1
1
488
1
220
24
1897
1
1
1
67
281
1
1
220
179
1
12
1383
1
1364
11
261
1
141
106
1
36
161
135
1
7
1
24
595
1
62
141
383
341
1
681
281
714
1
147
1
262
281
1
1
340
106
1
469
1
8
1
576
67
30
1
32
273
991
58
425
281
179
25
1
135
224
635
179
205
1
1
259
1
220
93
1
651
1
141
1
1022
281
32
1
220
26
220
220
704
1
26
7
399
1
1
336
1
67
293
360
91
57
1
141
629
75
281
40
1
1
99
44
443
29
679
1
349
1352
133
48
1
1
1
1
1
1
281
141
37
208
107
34
179
143
1
141
1
281
1
314
943
1
222
818
1
1008
1
349
1
1
25
437
1544
461
1
218
312
281
39
1
58
1
1
1
46
1
251
24
568
67
117
268
224
1
1
1
1
113
45
281
1
1
1
113
34
32
589
25
1
1
842
57
170
1
179
325
1
285
220
800
157
704
315
650
1
768
1
1
179
1
207
394
45
557
1
1132
1
29
410
1
220
631
281
860
758
1
1
1
193
272
75
1588
844
324
220
1
281
175
156
141
223
37
1
189
1
133
218
784
53
638
53
16
1
179
281
345
1
1
204
1
1
1
126
275
66
141
281
1864
218
161
1
1
1
1
1
92
315
32
580
35
179
108
67
141
439
1
345
291
436
1
1
281
1
628
489
483
75
1
1
1
25
155
475
156
1
218
26
327
58
10
220
403
57
25
224
508
1
1
281
123
274
111
584
1056
1
102
45
218
1
1278
1
1
24
1
1
1
1793
784
114
342
246
1
285
806
32
517
5
393
281
218
24
72
1
309
372
218
281
383
185
676
1167
281
1
106
281
24
462
1
1
281
1
371
155
1
1
281
123
356
202
1
178
271
129
380
1
1
17
179
46
291
763
307
1
390
1
1693
152
332
281
860
220
21
1
1108
1106
32
1
141
644
220
1784
98
218
302
220
1
1109
220
1
1
349
220
1
295
220
179
1
281
1
32
208
179
901
234
108
281
232
218
533
179
148
104
136
133
46
159
281
281
218
1
58
38
1
179
296
1030
1
26
1
394
1
1
1
1
218
320
1
128
380
15
233
472
1
1
75
1
108
260
1
804
43
84
403
1
1
179
1
220
75
2385
1
24
679
292
754
220
1
1
220
1
345
637
32
1
1
1
61
220
256
373
1
281
1
179
218
1
1
179
258
24
149
1
281
1
220
465
260
45
1
120
1
1
383
207
281
230
25
319
281
1
24
210
113
1
274
1
570
141
24
547
281
1
1103
517
1
1
219
1
578
281
1410
1
285
204
1
141
1
1
24
1
389
1
308
1
1
1
454
1
1
1
114
220
704
1
625
2579
1
1
1
242
218
756
33
1
218
264
406
220
141
398
1
1
1
224
1
586
21
301
143
278
385
218
198
179
123
102
585
453
1
25
1
67
220
1
1
362
353
75
455
26
1
218
1
179
1
1
1
449
872
220
483
1
1
338
1
35
1
102
10
218
143
15
406
1
593
1
220
123
1
102
207
65
91
72
281
1
181
24
225
141
98
1
298
1
1
345
188
1
1
179
1
1
35
1
1
100
1107
631
499
21
281
117
24
1
1
315
153
54
309
129
61
163
179
1
554
35
1170
282
1
236
237
1589
1
491
453
285
125
1
1
378
1
24
1
1
148
208
378
1
1
220
409
322
370
141
1
26
639
132
427
1
1
799
1
539
79
127
401
179
179
1
69
475
419
1
125
1
19
281
129
281
21
543
556
220
1
179
1
571
668
1
906
371
1
1191
24
90
1
1
24
32
30
1
1145
74
45
1
1
1
75
1092
1
1
737
272
218
711
512
1
123
26
1
1
744
1
683
1
129
1
1
207
168
281
784
281
1
440
1
167
92
1
281
26
26
264
145
226
1
539
309
438
1
506
24
282
1
1
332
1
380
538
443
19
43
857
472
43
281
281
1
208
56
177
220
238
281
130
220
524
372
1
440
1
127
535
113
1
893
57
565
1
28
218
1
224
56
32
25
1
410
72
281
338
179
1075
200
257
224
1
281
49
123
1
1
35
1
218
1
1
179
285
42
318
24
42
353
806
806
1
1
129
52
32
218
141
339
447
737
57
26
51
156
1
108
281
551
1
340
1
55
1
179
1
1
1
1
340
282
361
1
281
1
1
50
548
401
1
293
1
231
421
1
218
595
1
141
1
281
103
1
5
1
1
281
179
24
454
179
45
281
286
1281
1
249
220
1026
1
220
340
75
558
79
1247
218
155
90
179
1314
92
758
512
1
1
322
1262
308
113
317
1
1
1
255
108
124
51
1
1
1
310
179
1
340
1
281
67
1
467
644
257
703
264
281
114
1596
24
52
257
59
1
1
32
1
1185
21
218
66
179
867
220
1
269
651
66
1
402
292
194
218
268
1
70
374
125
113
1
32
1
1
10
154
1
281
237
1354
42
1
224
242
179
176
1
26
220
58
1
218
26
70
1
1
10
1
1
1
102
24
1
129
281
272
311
1
584
24
179
35
26
757
84
1
285
24
129
12
2324
154
122
245
141
84
624
1396
30
1
111
1
304
95
1
379
141
543
285
164
188
1
108
45
739
1
1
35
153
35
1
1
1
12
1
38
50
344
1
58
21
3003
607
179
567
1
179
1
1
168
658
34
58
281
281
24
281
1
108
1
306
64
293
1
396
41
129
1
1477
47
220
141
1
404
1409
51
1
222
353
323
160
1
73
451
179
1
24
218
1
281
42
883
69
448
1
1
278
143
198
218
220
41
220
176
1
406
108
691
1
179
345
502
281
218
1
1
1
281
227
554
1
220
1
281
241
1
736
10
220
1
114
381
1
281
1
370
1
269
153
53
1
1
123
123
242
1
21
1
123
14
1
437
648
197
242
1
72
1
1
144
554
290
692
218
1
28
25
37
494
1
1
218
1
281
181
1
1
92
1
1
1891
1
845
1
129
633
506
1
1147
73
24
1
672
85
268
1
1
157
814
1
57
400
257
325
448
1
128
1
239
1
1
32
1
345
141
1
1
1
1
40
67
1
684
1
1
1
1
275
179
226
21
218
1
114
1
3305
141
1
50
1
141
1
127
1512
318
1
1
152
1
470
1
19
218
142
1575
3061
125
220
72
213
143
1060
219
1
737
92
457
1186
530
501
102
179
1
116
32
218
145
220
21
24
1
26
134
1
218
24
141
305
1
1
371
1
1
1106
1
179
377
179
1
190
102
380
108
323
50
36
141
30
1
105
1
24
1
1
172
282
1
1
62
266
59
206
256
440
617
1
281
1
181
1
24
1
390
46
1
144
152
120
1
370
118
309
24
40
1810
15
927
1
1
25
1
80
50
1
106
220
1
305
337
50
52
220
220
1
1
204
220
1
26
316
1
295
670
102
1
179
218
1
93
110
132
1
1256
661
578
1
1
51
1
548
1
1
1
1
222
378
1
1042
1
1
148
155
271
1
180
318
325
1
220
653
1
294
239
1547
218
218
1
128
281
224
220
179
281
228
218
441
206
26
640
24
1
1
75
406
354
1
44
304
220
1708
1
1
1
243
281
1
220
1
1
358
309
45
35
307
1
155
281
244
51
1
292
565
218
1
191
1
179
50
76
5
126
282
179
218
418
470
202
906
367
1
1
281
281
1
218
530
281
179
220
1
218
54
1103
26
578
386
169
242
143
1
292
924
218
72
1
1
1
1
1
1
1
69
1
281
363
255
73
23
114
533
201
51
91
304
1
484
218
1
1
262
886
1
409
179
1
1
125
221
1
1
1
179
281
1
327
1
152
50
24
224
102
114
367
281
281
104
25
1
227
1
252
1
1
75
281
218
1
141
45
3165
1
281
156
689
179
207
108
98
438
130
39
57
1
324
763
1
512
1
281
1
141
1
218
220
853
1
10
316
25
512
1
24
1
1
147
1
162
26
214
225
897
360
281
1
1
1
1
15
2703
281
220
1
218
1
94
1
1727
437
370
479
218
153
186
1
518
1
1827
674
1
59
189
1
1
179
39
347
1
141
102
1
186
141
1
24
1
1
26
1
1
1
67
1
179
547
294
602
326
1
1
281
179
44
36
123
1
42
218
1
20
84
109
1483
12
26
1
844
218
1
1
42
543
411
83
281
1019
1
35
1
687
190
220
1
1
265
1
10
1
1042
1
1
220
106
21
169
26
33
292
1731
282
1
1
1
218
25
1
1
705
1
50
1
1
114
108
24
300
141
1
1
254
2106
1
43
1
102
231
281
218
129
32
84
1
684
10
340
281
464
291
232
1
179
11
1
129
1
125
1
91
197
613
12
281
281
26
26
1
1
1
1
770
32
218
218
282
1775
476
220
114
145
108
39
208
42
1
1
1
218
1
220
674
220
1
888
1
76
975
282
1
50
27
144
403
1
1
349
18
26
179
1
1
1318
1
211
123
159
1
1
45
102
26
109
1
1
26
1
1
281
281
231
551
394
1
443
226
437
1
281
610
129
179
54
188
190
123
114
1
141
68
118
1
125
24
617
58
1
1
92
32
1
1
119
1
281
176
1
24
102
67
220
141
1081
1
141
1
1
224
365
873
1
483
437
104
1
649
26
383
1
367
265
1
147
1
448
282
1
931
302
114
1
51
102
281
218
24
220
198
141
26
98
301
1
123
570
281
39
315
2455
218
558
281
1
319
1
866
242
218
62
1
141
1
1
666
1
379
291
107
1
175
362
292
1
785
651
1
1
292
32
1438
123
372
58
191
24
1
141
1
204
1
123
1
281
1
1
281
359
1
1
1
83
179
803
281
474
218
281
425
9
166
1
220
220
1
1
153
179
25
1
26
1
371
161
75
281
25
185
32
26
850
1
1
91
32
363
548
1557
218
1
403
1
395
1
1
265
1
392
1
24
1
281
57
257
1915
18
21
242
380
1
997
1
1
237
179
123
1
290
1
1
1
24
75
76
1
340
50
1
383
234
676
158
1989
113
51
1
1
141
179
1
1
107
1
409
697
1
57
1
1
15
50
1
102
117
1
1
1
451
1
179
193
56
1
1
333
26
347
94
101
828
945
319
220
21
1
226
281
218
1
593
1
49
333
1
860
61
483
514
58
1
141
939
281
21
1
112
179
220
1
345
23
281
1
220
102
179
1
1637
671
220
42
139
108
83
101
24
1
1
1
1030
75
108
149
5
1
1
1
281
129
324
32
218
1
135
218
1512
220
75
116
1
260
1
198
282
220
26
1
51
36
369
864
126
319
218
1
1
66
1
43
1
283
32
108
264
1
1
262
1
1
242
25
141
754
220
1040
218
664
306
325
1
218
158
1
101
1
1
281
220
77
179
281
224
119
1
281
1
1
236
595
25
42
1
114
406
32
35
23
1388
281
220
717
220
989
74
1
1
40
1276
74
1
11
281
1
818
1
639
218
462
54
453
220
1
1
112
1
70
179
129
1
129
124
24
21
1
41
1
24
1
220
281
33
157
24
419
220
1014
281
32
1
870
1
88
1
1
179
1
1
25
1
205
220
141
132
89
1
179
176
179
1920
228
1
1
26
281
179
542
114
224
1
21
361
297
101
124
369
25
1
281
218
281
309
1512
1
281
355
1
139
281
655
294
1
322
1
1
1
179
327
1
26
1
1
1
1
189
1
1
1
2703
1
127
1
1
1
67
179
1
220
1
1
489
1
484
220
83
185
26
1
991
603
286
1
281
218
1
33
1
33
340
161
304
220
442
114
30
1
57
220
172
260
218
500
991
412
281
1
1
380
49
1343
203
1
252
220
1
1
1
108
1
1
1
123
1
24
281
114
14
1
424
1
50
1
800
1
281
469
21
24
711
179
345
220
484
122
143
332
818
481
281
220
857
24
1
179
1238
279
26
143
1
1
141
220
179
258
83
477
348
203
218
108
1061
231
1
383
98
1
113
32
151
1
169
2022
107
150
208
172
1
1
1
281
135
1
734
380
260
1
1
234
1
17
906
1
412
142
45
393
332
441
500
268
1
83
898
448
461
236
242
281
1
541
27
1
218
141
218
326
281
220
1
171
494
218
1499
218
371
1
595
370
720
282
281
230
27
283
1
569
76
262
658
1
218
1
1
146
281
218
349
454
645
57
1
353
124
67
1
1
45
143
1
157
50
143
125
220
23
281
154
281
1
1175
179
74
220
1
179
113
631
220
220
1
218
282
326
1
179
1
666
1
26
471
1
776
281
1
383
199
11
1
1
1302
243
218
830
1
281
218
1
605
260
268
1789
281
376
487
409
155
37
35
221
1
1
166
1462
387
220
239
232
91
1
720
430
1
218
995
1
91
102
141
1
652
1
1
75
358
1
281
683
220
102
1
1
281
24
245
17
281
1
517
118
72
604
281
220
281
63
593
1
1
218
409
1
1
1
26
214
275
1
255
567
1353
102
1
1
462
1
597
179
95
378
160
281
1260
736
218
1
15
1
1
1708
281
1
1
179
207
39
1
1
406
1
1
1528
82
1
1
380
281
201
219
424
1
218
281
1
578
179
141
179
218
256
65
50
189
1
270
51
55
148
218
32
136
1
170
2152
242
218
179
281
75
220
75
1
218
1
319
179
378
1
68
1
26
114
27
218
1
381
179
455
340
220
141
179
281
1
380
1
1
220
664
220
26
113
1
1
1
523
524
275
295
53
1
1
1
429
198
1
35
32
1
124
127
1
1
24
464
1
32
35
1
1
129
1
166
1
295
220
1
1
1
179
1
1
331
220
1
281
1
1
1
446
282
141
1
1
75
108
263
43
260
281
1
1
281
114
249
491
678
126
250
734
241
159
248
179
51
32
1
213
91
259
281
768
1
1
260
51
1
392
12
281
220
1
28
1
228
1
353
340
26
141
733
1
218
1
864
816
50
1
1
67
407
1
281
281
1
21
51
1
45
454
432
348
252
340
51
109
334
118
185
179
274
1
60
1
179
162
70
1
809
59
224
35
179
718
242
599
281
192
404
1
1
281
1
565
26
1
794
1
83
1
1
1
49
1
281
224
1
1
1
1
1
264
1
1
241
404
25
1
1
111
1
155
117
1
119
32
1
326
129
256
37
141
11
1266
453
1
1
1488
281
7
5
1
1
32
1
464
220
1
1
179
85
939
334
1
238
1
129
177
12
1
220
1157
32
1
24
1
378
257
454
1
380
107
220
1
218
1
1
220
1
123
498
403
281
33
273
25
1
179
108
345
208
1
139
437
300
51
281
444
258
1
179
14
54
15
281
785
167
12
224
517
154
504
547
703
1
964
1
118
1
206
220
1
220
1
281
1
404
1
218
102
1
308
466
1
281
179
325
91
24
1080
59
412
650
220
281
281
42
401
185
35
220
118
198
220
47
218
451
218
206
1
57
1
404
484
303
218
241
1303
34
220
176
218
220
220
683
281
449
1
281
24
437
1703
1
24
38
316
179
1042
141
220
1
282
218
1
1
11
255
179
83
45
44
1
57
218
69
281
344
32
281
1
1
369
123
375
218
218
95
682
595
1
334
281
218
281
1
645
1
1
113
1551
1
854
281
57
1
1
15
1
1
163
179
147
218
780
5
220
339
1
179
720
281
1
570
1
276
25
48
314
220
221
736
1
179
1
883
1
21
125
1
1
281
359
186
108
2840
393
220
346
1
78
408
107
231
1
179
1
281
75
132
178
1507
625
617
203
1
1
1
50
578
224
67
233
377
51
32
114
1
1
326
143
24
198
281
1
281
1448
676
1
1
1
281
67
296
1
1
218
1
1
99
179
126
1
1
10
45
220
179
292
298
250
272
179
220
722
179
281
57
281
242
67
285
326
193
1
348
1
1
1
287
125
242
159
220
19
1
326
218
55
401
1
125
722
1
95
393
86
576
220
1
1
2910
64
220
165
176
130
1
787
281
258
26
125
295
281
1
541
179
95
348
281
655
1
292
224
1
95
129
120
1
86
1
1416
389
1
59
1
428
141
1
176
1320
1
26
218
100
220
141
50
44
500
102
11
1
1
152
127
218
79
220
1
378
4645
1
224
245
1242
295
141
35
380
159
1
1
307
218
49
1
179
964
1
158
179
1
153
340
1
125
374
1
570
51
823
1
1
1
242
490
118
1
218
140
300
153
1
1
482
984
141
1
100
143
179
26
1
281
141
316
270
1
1
81
11
35
128
1
1705
1
64
281
292
638
170
23
87
220
1
220
321
1
1
1106
1
166
200
998
179
102
258
1480
43
26
31
32
23
156
281
1
130
143
281
1
281
220
60
35
1
25
991
220
274
274
2388
220
50
126
281
1
1
281
141
739
208
26
234
1
32
44
220
627
34
208
1
338
113
1
1
1
1
1
1
220
1
293
2292
241
136
1
112
220
330
1
185
1
1
220
224
400
368
1
1
220
171
220
179
1
1
281
95
993
1
281
340
281
1
208
1
43
281
179
5556
102
1
1
93
691
45
1
1
242
179
1
102
1
528
271
237
39
26
542
1
51
1
1
1236
1
1794
688
185
1
652
218
31
870
29
1
1
24
143
132
28
32
1
1
218
956
158
340
594
76
128
218
156
218
1
231
56
1299
125
281
144
101
333
335
354
877
255
258
905
991
179
271
406
1
179
281
856
179
39
1
292
422
469
1
45
1
406
281
1
379
1
12
1
26
284
1
10
1
1
281
23
123
113
218
1
102
314
141
176
330
223
768
1
12
298
1
1
283
361
92
210
1
1
95
281
242
340
1
32
1
1
185
208
179
220
178
281
1
1
72
554
123
84
1
10
32
149
1
1
111
453
218
1
281
179
1
176
220
1
1
1
102
33
67
218
318
179
1
1
198
599
363
1
1
1
179
257
1
129
94
141
1
51
1
281
1
1
208
1
1
238
179
281
143
584
977
1
319
24
438
1
281
405
1
1
1
207
218
1
1
123
1
116
1
17
224
477
644
84
220
1
28
380
141
179
385
340
129
224
179
1
281
1
1
1
2821
374
1
179
499
1
1
218
14
141
1
285
114
179
14
63
102
345
1781
1499
1
281
323
179
230
355
177
311
179
55
114
1
511
345
1
133
179
1538
134
1336
211
1
179
327
1
200
599
1
102
219
220
419
1
1
24
351
277
24
179
1588
1
1
26
26
1
1
736
1
360
455
151
378
68
129
226
1
242
21
218
1
1
179
1
275
1
1
237
334
1
218
92
1
650
218
1
74
1
73
179
229
98
302
1
347
36
51
32
565
1
229
1
155
1
1
270
1
1
412
384
281
595
1
108
24
1
220
1
1
535
218
218
220
544
23
170
41
148
613
32
347
155
628
24
1
75
123
1
1
762
578
218
1
285
144
345
292
220
220
1
57
417
1
1
698
260
220
185
1
1
218
19
1215
24
179
803
218
1
3798
123
185
401
1
108
1
114
45
220
171
1
1
1
1
74
1
50
1
281
335
1
185
362
83
41
107
1
220
24
1
220
32
281
24
1
349
70
1
607
1
58
234
176
1
500
8
1
55
24
1
72
1
113
26
1
255
629
1
50
281
265
281
218
281
21
440
123
975
281
179
1
50
1622
1
1
123
97
1
595
220
323
1
228
179
1
114
1
340
726
1
1
1
316
224
1
1
339
281
984
424
281
111
281
98
1
276
1
25
1
179
1
494
1
1
153
28
123
46
252
179
141
1
1
35
109
281
1710
401
513
54
218
84
1129
1
1
141
1
298
1
179
23
599
220
497
340
107
1
218
1
1
1
897
404
1
58
108
25
1
1
469
281
1
1
26
1
218
818
177
129
179
24
130
179
648
88
1
395
179
1025
440
218
141
228
1
409
150
141
218
24
281
114
32
274
168
1284
283
1
220
1
1
89
429
274
1
281
67
45
102
5
347
314
218
1
648
340
220
1
1731
676
1
141
504
216
1
325
218
1
141
1
353
281
272
1221
2911
1
153
220
46
26
1
75
1
281
179
378
1
226
24
63
399
45
176
218
26
312
365
152
154
57
40
364
122
1
24
179
1
142
383
281
1
281
384
203
1
671
179
383
1
1
26
380
340
1
797
218
139
149
1
484
141
1
281
1
334
32
223
281
57
1
120
281
220
1355
1
380
1
281
220
25
1
599
129
340
218
26
936
1
592
235
337
378
557
105
272
10
1
218
218
1
458
1
1080
141
293
1
1
1
417
402
143
1
552
220
281
218
454
1
218
649
435
878
764
218
267
218
840
1
1271
1
32
218
231
281
648
281
186
42
1
348
260
141
1
1
40
566
384
1
1
1
1
570
65
7
281
722
1
420
32
340
1
281
1
737
339
282
1
345
274
281
281
602
179
1
560
406
218
1
883
1
1
1
91
220
45
281
220
103
1
24
1
143
1
39
1
57
340
360
1
1
1
1035
1
67
639
380
281
43
281
50
167
281
141
1
1
1
179
381
578
129
1
1
30
12
247
486
281
281
298
179
179
218
281
220
1
50
1
1
1
1
349
1
75
48
220
281
107
1619
51
113
95
945
179
27
126
9
35
1
281
1
569
1
208
1
281
281
654
179
1
1
35
447
166
372
252
530
873
1
1
532
234
220
1
1
123
281
125
453
394
2752
391
398
1
141
26
364
1
3798
21
1
218
776
1
1
320
1
218
281
114
322
253
179
220
1
153
1
1
1
114
1
1
218
1
1
1
95
26
1
313
220
2496
207
67
500
281
236
281
281
281
363
101
1
241
92
429
281
204
451
375
281
24
220
1
353
371
1
179
1
1829
288
1
281
281
218
36
378
281
726
1692
207
309
1
1
281
55
220
179
166
158
84
423
1
481
45
1
114
1
1
1
1
265
32
220
1
21
787
255
1
575
108
1
873
318
16
218
1
340
26
1
1
128
17
220
24
906
210
371
180
31
181
20
218
1
1
32
142
26
67
218
717
1
218
179
520
1
5
1
1
411
198
1
1
91
543
1
474
1
218
1
251
143
380
281
95
838
1336
1
122
102
319
1
87
179
128
1
1
379
1
218
507
218
1
1
1
281
282
183
1
372
67
281
546
659
179
212
438
1
281
1
125
222
1
608
1
218
221
218
800
1
32
1
1
282
1
332
360
1
26
57
16
552
1
1
273
513
171
1
439
56
1
434
32
1
179
406
1
1
1
809
50
1
24
1
737
1
1
179
24
220
281
877
220
26
1106
176
1
1326
32
1002
340
261
17
599
372
1
1
220
142
50
50
1
1281
1
1
153
360
208
242
552
24
56
109
361
220
304
411
102
75
424
56
242
32
242
128
67
1
1
1
216
587
65
234
128
62
302
24
262
281
102
293
176
798
1
1
218
218
469
802
301
1
1
1124
633
1
1
1
298
1
281
523
220
218
281
1785
1
220
218
281
1
220
141
218
1
1
281
261
295
230
179
1
539
220
1
1
1
301
849
281
1202
1
1
141
1
1
897
378
462
1
1
1
1
179
1
56
1
512
1
1
141
617
587
51
32
363
332
18
281
381
666
679
179
114
51
463
234
198
1
1
227
72
435
1
378
206
290
281
317
281
548
245
1
496
281
1
340
1
1
497
1
456
1
57
179
448
1
179
318
235
102
111
1
281
1
366
1259
101
349
101
281
1
75
1
281
185
1
781
125
306
818
32
1
1
94
920
192
179
38
320
89
125
461
1
160
1
406
84
1
292
125
334
986
123
220
243
45
281
1
1
218
1
1
281
10
1
281
1
114
1
319
251
281
32
1
220
281
179
397
354
1126
29
1
659
1
442
26
218
1
83
1
23
179
30
185
1
166
1
182
126
10
1
189
794
1
157
1
1
1
418
26
1
194
1
281
113
1
281
24
1
643
26
1
1
403
536
218
1
179
824
25
189
141
220
1
86
129
281
57
220
405
179
26
218
108
224
45
114
1
179
281
179
1
218
342
404
1
57
1
516
380
147
268
601
220
1
1044
268
24
220
1
24
380
1
460
797
75
539
281
141
1
729
218
24
1
353
747
1
1018
143
1
179
1
281
234
281
1
26
57
132
143
1
838
287
374
22
220
625
576
499
279
379
256
1
141
281
1
58
185
1
314
122
1
43
218
281
281
260
1040
1
37
51
46
1
533
1
1
26
354
24
332
356
809
24
45
2074
1
141
220
1
1
281
84
801
281
220
411
281
208
24
537
443
1
73
432
24
32
188
148
1
29
26
249
109
512
220
26
218
398
1
337
281
1
135
281
1
281
95
179
218
281
179
1
197
354
281
179
281
1
1
368
1
392
1
1
1
179
139
1
928
900
39
220
281
23
1
1
281
549
58
1
1
153
1
65
372
119
45
1
281
1
763
763
316
293
1
35
109
354
436
59
281
499
345
357
380
179
1
1
51
190
1
161
71
125
372
45
368
281
828
1
57
26
1
1
147
57
421
281
71
592
107
218
1
1352
1
1
224
224
1
1
26
439
208
218
1
347
1
219
24
1
281
353
255
21
1
56
242
57
1
220
1
1
242
691
151
35
108
1
305
1
1
24
257
1
1
39
1
1
2613
1
281
281
1
218
1
345
1
281
1
102
1
1
1
1
283
1
353
578
50
32
162
1
1562
860
758
1523
220
1
281
1
336
1
1
179
1
570
281
281
1
1
1
1
604
220
219
257
968
1
108
32
1
141
1
176
1
57
84
220
422
1
448
542
179
811
1
179
352
1
32
218
272
1
1
218
1055
541
26
218
242
77
7
116
200
75
217
102
1
219
220
220
220
348
112
539
1
420
281
1588
1
1
333
42
1
281
350
25
81
179
354
281
281
433
185
1
42
179
139
143
1
281
1
1
1
143
25
48
1
1
218
1427
281
58
182
1
281
123
292
653
860
647
1
1
1
76
130
555
1
304
272
281
281
1
1
719
281
5
24
604
1
179
1040
242
1
1
348
220
218
89
340
106
45
431
332
1
220
55
922
339
179
1
260
109
12
2081
378
356
403
188
578
752
359
1
141
865
281
1
1
218
1
141
345
220
1
220
179
179
1
1
129
1
102
1
1
1
282
436
32
281
281
548
41
41
281
179
1
1
1
120
1
83
1
1
1
278
141
218
141
143
32
1
307
123
1
80
179
597
451
1
141
190
1
406
1
281
107
71
220
125
1
220
1
1
1
49
1
573
218
281
315
371
1286
681
262
213
473
23
280
91
1082
651
112
29
102
555
500
153
108
218
654
1
108
1
671
713
281
98
25
25
218
107
1
281
182
179
57
1
1
627
218
1
1
1
1
1
281
1
220
1
2577
1
98
26
93
345
50
1513
159
1
205
1
52
340
78
225
3011
218
1
218
1
22
1303
277
1
318
90
67
99
867
281
102
655
218
208
179
179
105
1
1
1
1
281
118
1
220
114
1
392
374
281
285
102
1
281
123
153
711
218
1271
897
141
55
1
57
12
220
1
152
2016
1
1
179
281
340
147
1
1
1
1
349
446
1
1
255
389
220
906
281
1
347
1
141
482
218
1
268
427
220
650
1
1
270
83
281
1
281
345
29
319
281
141
220
1
1
22
1
1
329
179
231
218
179
123
171
46
285
1
698
1
1
1
666
291
548
1
218
369
728
1
769
220
444
1
218
132
1
410
153
1122
24
1
21
417
179
281
1
274
274
24
281
554
42
179
51
1
647
1
24
176
747
375
1
274
129
912
1
1
1
1
1
281
281
1
26
1
241
249
67
141
281
153
45
220
179
46
67
1030
281
683
1
242
117
152
26
1
1451
179
340
218
596
72
1
116
220
698
307
179
330
220
661
1
1
290
179
21
619
457
1
107
1
1
1
281
190
185
1
141
26
687
425
963
1
114
348
599
3003
331
176
543
1
419
298
1
1
381
499
523
1
218
257
1
1
1
1
1
1
82
498
1
141
1
140
1
45
220
281
1
37
242
218
220
358
1
12
595
281
1
141
323
1
1058
1
282
237
57
281
1
57
427
281
179
125
220
1
1
1624
397
1
1
57
242
1
401
26
371
1
647
411
1
281
24
281
75
1
1
1
114
35
252
281
26
1
1054
1
179
1
1
25
553
1
29
281
1
281
1
381
1
1
1
489
1
1
284
187
281
639
1
179
1
1
1
27
1
281
1
411
24
1
15
818
153
220
1
281
125
25
1
36
193
281
251
1058
32
659
1
179
121
1
681
309
141
281
155
1
469
31
179
1
143
220
339
117
235
1
220
1
2798
420
1
1
309
242
290
281
22
220
1
1
326
218
31
1
451
340
24
126
189
862
1
220
141
26
1
1
69
50
120
1
1
270
152
846
281
1
281
14
281
237
1
308
1
42
141
1129
385
1172
220
26
137
192
367
220
1
405
54
1
141
111
203
175
281
220
1
220
1
1
1
281
281
819
1
75
220
281
1
1
29
405
2485
281
1
20
1
220
398
122
218
1
141
85
1
1
1
332
432
281
128
1115
281
722
437
393
1
739
830
307
35
1
1
281
1
1
281
1
252
270
1
1
1
9
241
378
36
186
281
143
261
1193
102
193
129
1
1
95
1
1
101
198
30
1
242
281
1
2703
281
953
141
282
1
136
77
281
176
73
179
218
83
218
176
1
624
35
203
358
873
145
24
1
1
326
1
281
281
1
281
24
922
1
25
141
107
1
681
1
281
179
548
218
179
391
2661
720
1
1
380
141
369
281
1
179
462
497
27
220
45
29
281
1
1
218
507
129
1
1
1
340
220
1
44
499
179
207
1204
1
160
243
1
1
1
1
174
1
386
24
1083
51
95
52
123
141
220
32
114
281
1
273
281
292
50
323
323
655
179
1
281
224
1
92
1
26
1
17
1
297
1
218
1
220
545
118
281
220
274
219
1
281
1
220
179
26
26
803
405
113
179
445
220
1
17
1781
801
42
1
1
1
50
67
218
309
218
1
134
404
1
179
340
218
472
1
1
191
30
126
1
127
179
1
594
1
1
1
977
143
281
24
137
599
1
1
1
218
15
828
1
25
1
2369
281
141
1
1000
35
29
1
179
1
818
233
1
1
281
1
1
541
108
1278
141
332
551
648
165
244
340
220
603
646
24
1
218
1
225
1
70
196
1
1
1
281
503
1
379
1
1
260
1
264
281
26
1
1
153
179
352
56
164
1
179
179
281
179
179
1
1
220
1
54
544
26
281
1
218
776
26
1
3003
170
327
1
1
1
57
125
376
12
1
218
218
556
395
403
299
179
179
523
380
1
98
1
117
1
1
262
27
218
1
261
11
281
220
1
220
141
281
372
218
26
281
179
32
218
281
220
125
281
242
886
218
281
649
1
1
243
200
643
378
220
179
1
497
149
582
1
166
818
1
548
1
5
1
1
281
704
220
281
870
218
155
1
1
571
1
1
128
179
20
339
1
584
218
1
218
152
1
32
1
230
281
1
159
330
606
107
281
35
151
1
281
1
281
1
239
1
98
1
33
1
378
599
12
1
650
218
1637
1
309
57
281
1
317
437
281
1
147
102
35
179
132
224
1
220
218
377
387
1305
164
1
636
21
1015
234
349
12
453
3798
37
132
1
109
560
274
157
1
319
281
224
1
304
1
11
651
272
38
1
1
220
242
333
1
34
1
207
228
1
1
220
108
1
252
274
345
42
218
281
1
218
1
1
353
456
1
24
1
95
95
234
1
158
179
520
1
1209
1
1
347
152
220
297
1
939
220
179
179
90
63
220
281
347
135
237
1
1945
10
281
20
875
242
427
380
1
179
281
650
25
17
404
1
30
242
57
1
1
148
143
406
70
1
1
989
1
405
220
1
604
129
1094
281
1
281
1
1
1
1
1280
1
133
179
179
366
126
59
1
1
281
218
1
1
454
57
1
281
130
55
281
45
260
768
1
875
1
108
1
281
281
1
374
1
179
880
1265
281
1
283
26
75
1
1
570
220
123
218
1
220
281
751
1
281
171
1547
340
83
864
1
1
281
348
722
1078
26
1
220
218
27
281
101
1
287
36
281
127
334
220
469
440
293
281
338
1
281
220
386
452
57
1
179
207
208
737
32
218
1
1
647
1
114
283
1
1
269
1
377
26
220
329
298
179
504
281
1
220
1
1
1
1
874
141
548
318
281
176
1
109
84
282
1
1
323
1
1522
1
354
73
220
45
1
179
21
218
1416
722
129
1
281
1
1
1
220
469
350
1
219
1
281
220
1215
1
281
281
220
281
279
237
114
1
133
1
67
218
603
410
220
1
264
51
282
179
384
1
1
119
147
66
129
292
129
220
626
1
548
166
431
1
167
218
37
551
84
1
1
1
1
1
218
1
1
1
24
507
357
1
52
281
749
1
8
218
890
360
84
281
281
274
220
125
1
128
1
1
220
81
445
179
1
108
720
281
261
282
57
454
220
179
356
1
24
84
1
32
102
1
1
1
41
436
281
281
757
1
292
1
218
102
38
179
10
35
1
1
32
281
179
35
69
218
743
24
331
32
1
518
1
179
1
551
1
207
59
1
218
372
24
1
218
1
1
179
281
59
349
1
593
234
383
84
446
218
220
1
23
661
1
1
69
1
1
242
453
289
125
179
241
220
281
218
21
24
218
1
220
1
123
108
141
1
1
15
281
32
179
384
567
153
220
107
1
24
463
1512
1
1
1013
1024
45
44
368
1
318
1
114
1
506
1751
194
389
281
358
1
720
1355
67
620
11
298
185
135
281
208
176
1
118
395
1
1
220
1
1
102
1357
218
26
218
328
255
220
1
1
1
220
1
35
224
1
380
1
1
1
200
339
359
201
489
281
179
1
1
538
351
179
1
1
95
1
218
212
1
75
125
356
318
1
1
281
141
102
1
179
1
1
218
109
1
255
1705
1
1
1
1059
185
123
122
143
281
25
24
218
1
445
26
50
1
220
1
873
536
220
1
152
220
547
220
427
1
22
412
720
220
1
73
114
218
281
143
451
281
370
220
284
281
1
1
281
185
437
57
185
303
1
307
95
337
225
220
380
32
208
218
1
1149
1
281
665
327
1
1
360
220
218
114
1
1
281
335
1
45
95
26
1
185
340
220
1
1
224
1
26
1
185
243
419
141
1023
1
281
1
220
340
742
345
141
535
1
171
218
102
50
141
224
42
220
1637
176
218
1711
242
281
1
1
506
1129
220
1
130
1
162
143
1705
340
1
220
497
220
25
371
633
735
281
158
633
1
1
179
1
576
1
46
1
26
581
220
143
220
1
349
1
378
28
415
1
1
393
360
653
39
268
395
1
312
220
1
1
522
218
597
1
1
1
1
281
321
281
26
171
1
1
1
552
218
179
154
327
185
1
260
1
24
1
7
1
218
75
281
274
208
1
37
76
369
189
681
281
179
271
281
2425
11
1
462
378
1
220
309
218
281
1
179
1
1
20
1
360
485
349
646
1
1
498
376
143
51
1
258
1
1
143
309
281
364
1
1
314
281
282
142
354
176
281
402
202
1
552
758
281
108
437
5
246
1
20
498
1
1
128
50
50
1
151
360
577
1906
238
45
314
44
220
639
1637
218
281
268
27
113
108
45
21
28
224
32
1
1
143
125
141
629
1
24
410
102
123
220
1
1
132
120
281
440
143
1
218
31
575
1
252
331
1
152
558
566
26
59
600
1
1
357
220
220
66
1
480
244
281
1
32
83
220
433
405
4463
363
120
1
571
141
220
437
179
30
1
281
375
220
209
281
19
218
92
260
242
129
1
220
2703
281
572
1
281
218
43
1
971
1
154
372
218
165
102
504
405
1
360
437
1
632
406
108
133
1
1
159
157
1
143
35
179
1
1
1
220
1
1
218
281
281
1
1125
1
45
1
218
179
207
1
220
1
281
220
1
220
282
220
1
1
562
218
1
309
1
40
105
1
487
218
1
220
218
1
1
1
102
454
218
24
1
207
58
218
1
54
1815
179
208
1
917
179
349
1
1
218
281
655
24
1
220
15
281
179
179
353
1
102
218
1
1
1
24
1
98
125
1
1
242
1
1
340
1
179
129
1
114
1
281
1
58
965
273
179
1
1
220
281
100
39
1
308
179
220
179
1
281
218
26
353
208
1
39
197
1
499
1
218
220
1
1
32
1085
1
1
220
437
470
1
314
248
2124
326
791
1129
316
310
152
953
1354
281
1099
22
35
557
2257
375
242
1079
1
24
121
1
54
345
378
1
32
460
1
165
509
380
59
208
378
72
1
44
172
1
1
736
348
242
1
24
281
179
1
205
208
534
179
1
1
326
281
1
218
45
437
281
220
26
548
1
1
1
252
80
340
1
281
1
281
314
1
218
1
379
151
1
242
1
218
1
1294
33
395
153
7
218
1
1
172
179
141
84
1
1
218
1
92
220
264
683
27
220
1
1
58
177
557
107
149
1
728
1
141
1
1
369
249
1
68
176
220
1
1
1
1
142
218
1
24
1
1
57
1
1
220
218
199
218
65
1
224
179
144
10
690
1100
50
1
269
130
282
298
372
220
1
218
218
220
179
788
129
468
333
1200
218
274
400
220
1
1
1148
1100
179
291
141
29
128
10
24
75
179
1
128
737
134
32
179
365
24
179
238
945
339
224
1
281
218
32
179
220
143
413
281
380
1
523
91
155
281
1078
138
1
179
242
32
179
326
1
969
1
548
406
361
274
292
660
24
1
1
190
73
24
1
1
1452
126
141
281
26
243
218
1
228
1
1519
389
437
1010
123
679
224
1
281
141
1421
776
220
179
412
1
1
201
218
481
179
1
233
179
1
1
179
367
44
589
141
242
281
141
1
404
183
21
281
220
218
123
1
281
26
218
203
1
59
281
281
1
340
107
218
799
1
281
32
281
1
118
281
220
190
72
1
595
245
1
284
123
220
1
250
281
900
1
1
428
1
446
276
1
440
672
218
256
379
197
128
1
58
2091
197
57
281
1
370
281
72
84
60
176
218
1
218
1
1
179
300
367
377
220
1
1
345
1
58
1
37
26
357
220
281
1
138
99
224
1
118
125
179
24
220
461
1110
220
1
378
1
1
281
220
1
220
561
51
197
50
256
261
334
1
176
306
1160
640
141
316
281
220
309
349
1
281
316
340
380
32
51
224
1
281
179
123
179
830
282
208
220
345
218
281
24
1
1
1412
379
468
1
281
1
237
218
220
218
238
704
1
281
406
281
95
56
1
1
45
736
26
123
141
50
1
644
582
1449
102
281
26
63
315
1
218
281
179
179
37
1
1
129
539
179
539
1
341
45
1
422
179
1
1
1
108
1
95
239
179
234
480
1
208
1781
1
181
101
281
218
339
1341
112
281
75
57
26
220
292
360
1
141
1
26
374
218
281
1
280
179
802
32
218
1
1
281
218
1
1
12
238
10
247
84
641
360
141
1
252
1
1
123
41
114
1
1938
92
538
1
218
570
82
811
278
367
1
53
281
309
1
360
102
24
242
213
510
860
247
218
32
281
1
281
220
17
1
242
1
207
101
1
281
323
419
1
7
281
1
220
281
281
178
352
282
1
355
1
17
179
179
281
340
609
378
120
1
127
1
1
330
1
1
431
143
692
936
1
218
281
922
416
308
348
218
179
1
106
158
281
218
281
148
1
218
220
91
281
349
281
1
251
1
373
198
218
310
179
1
220
489
218
1
69
340
340
329
12
1
1068
300
652
1
26
1
1
349
218
393
1
345
282
1
55
220
1
1
272
339
141
1
1810
756
163
179
1
35
21
189
218
548
108
520
281
491
1
218
1
371
179
1
143
32
151
281
24
599
554
448
220
309
383
281
1
281
1156
1
1
1
220
182
502
218
1
1
1
1
1
218
1
1
218
211
1
444
32
1
72
218
281
117
412
554
370
281
555
1
179
1
141
281
218
1
713
218
218
1
1
129
732
179
220
281
123
548
1
1
281
1172
406
1
116
1
237
179
143
30
294
1
151
239
418
282
1
220
567
228
340
535
296
179
32
90
260
281
1
1
367
179
281
220
281
1
1
11
355
179
1
220
818
114
1
218
1
1
32
1
1
179
344
1
281
1
281
218
220
1
539
15
410
281
281
218
890
220
220
179
179
281
1
1
416
368
24
1
1
1
1
281
35
204
185
1
218
474
309
1
114
1
1
179
118
1
102
281
179
1
179
92
1
35
1
1
281
1
1
340
1
1
179
1551
76
220
220
84
17
1
220
218
32
1
252
281
624
69
1
1
225
640
75
1
10
1
340
228
1
281
224
27
1
1680
281
89
1
378
1
1
349
789
281
252
281
281
102
179
907
1
54
74
1
253
220
220
24
878
255
220
220
345
1
240
1
176
1
724
1
319
281
207
224
284
1
143
220
264
1
1
1
1
281
220
398
1
220
672
179
491
117
218
95
378
311
141
220
17
220
316
113
1
141
336
1
141
1
1499
1
1
349
218
220
218
35
281
281
1
1
141
1
57
283
281
120
220
1
218
1
218
179
297
497
59
218
50
114
875
595
1
2577
218
686
1
281
220
1
207
1114
281
281
648
218
1
226
1
1
281
123
179
57
241
281
220
294
252
220
218
1
1832
71
37
108
103
108
1
90
1
1
281
32
377
353
187
1
281
595
281
281
1
281
588
136
1
114
599
281
179
128
28
281
1
1
443
57
1
220
1
873
183
281
1
1
672
129
295
179
1
129
179
482
179
32
264
1
25
454
548
32
24
488
218
55
818
1
454
1
24
1
179
220
1
1
133
38
97
589
174
220
281
218
1754
1
768
220
218
26
649
179
60
1
290
1651
24
199
720
1
1
1
225
405
220
379
1
224
1
1
639
242
179
1
32
1
123
218
218
1
102
179
309
281
1
179
26
1
302
208
143
179
1
39
1
220
218
1352
50
361
1
1
469
1
127
21
122
24
218
53
2450
189
1
70
26
281
179
24
218
242
45
179
141
1
220
271
22
141
840
1784
1
32
179
179
2262
220
292
238
179
265
1
179
281
218
164
248
551
2787
1
141
575
1
296
1
218
281
281
334
998
1
758
101
218
220
1
281
340
281
1
315
157
218
1
1
281
141
51
281
90
316
941
908
84
143
179
1
615
123
1187
218
218
1
102
220
281
1
1
506
142
361
138
218
57
369
1
179
220
32
145
1
238
438
281
200
50
1
179
1
220
593
58
380
272
179
380
1
281
385
281
107
610
236
1104
143
1
281
752
339
179
107
226
1
281
1
107
32
16
865
1
129
160
1
371
281
218
388
220
281
282
598
323
1
281
281
246
1
323
281
1
1
51
293
323
1
1
179
220
125
1
281
179
1
1
1
1
1
220
281
179
179
374
380
92
281
125
315
125
26
281
51
36
281
1
281
143
141
1
1
179
57
380
220
176
453
73
1
51
57
1
1
26
143
1399
373
1
207
51
763
65
281
1
141
1
369
433
1
381
151
32
104
129
220
1
347
24
1
289
1
281
1204
32
359
1
1
220
1
218
1
1
26
551
1
26
498
1
1
1
1
335
417
599
1
179
704
24
281
1158
182
220
1
354
229
1
179
1
179
1
1
44
477
512
1
722
218
207
1058
1
179
15
1020
423
274
334
1
587
218
233
1
3888
406
1449
309
736
506
218
1
321
218
275
1
1
1
179
240
378
242
1
179
1
1
1
1
220
1
129
1185
55
1
595
218
1
1
492
347
163
794
1
1
141
1
220
660
107
1814
10
220
92
368
1
102
218
340
340
252
26
500
108
108
208
1
378
179
291
113
218
179
1
242
32
285
281
179
242
453
281
281
198
364
218
218
1
141
640
499
112
218
410
705
2597
332
281
759
147
60
1
313
220
371
220
238
1
1
218
970
281
1
218
1
1
380
380
179
59
543
15
1
41
1
491
261
169
401
1
220
176
179
24
102
1
21
218
107
255
1
26
444
220
536
91
378
1
1
158
1
281
127
1698
1019
111
1
645
220
1
220
107
1
1
1
167
1
218
2264
378
281
53
1
1
1
1
15
242
1
102
143
281
146
876
1
1
432
1
1
1
1172
153
412
207
220
101
38
92
1
1
99
179
102
499
352
208
875
1
220
84
809
281
398
438
340
234
578
520
143
76
360
274
1
816
179
648
220
1
539
26
108
281
1
1
945
1
57
607
12
369
281
179
281
410
141
295
220
543
1
24
1
281
218
143
1
281
1
448
281
179
1
1
515
1
114
1
872
220
281
700
1
48
1
489
1
313
179
1
1
1
66
101
57
220
1273
459
340
32
1
207
1
307
605
2376
220
114
218
260
281
281
332
1
332
114
680
198
176
476
242
1
141
242
281
281
218
1
548
1
275
1040
24
391
1
220
1
141
281
279
91
218
218
346
179
224
1
281
102
1
101
179
108
285
98
1
182
50
45
453
149
179
689
72
1
103
198
1
179
24
398
179
1
218
129
242
405
1
281
218
268
281
414
548
309
1
1
332
59
1
218
218
1
218
281
17
1
1
25
1
35
220
218
1
1
98
220
281
1
95
220
220
350
1
370
420
141
108
252
220
220
218
1
242
176
129
75
281
1
1
218
1
1
179
1
282
76
595
1
281
218
282
21
401
50
332
1
285
25
141
220
237
220
243
260
218
161
297
576
1
260
241
1
179
218
218
1
1
143
185
645
220
1
200
220
1
220
26
281
34
1
326
1
218
1
1
480
87
1
102
366
1
1
1
176
281
945
1
400
1
110
355
75
1
220
179
216
714
1
737
1
51
1055
1
281
389
32
50
220
153
218
220
1
567
60
599
51
1
381
220
179
1
483
281
155
67
1
281
220
1
1
281
302
218
1
1
372
908
141
1
179
360
116
118
262
281
255
179
1
1
137
281
1
220
179
281
141
187
1
1
85
281
179
220
707
15
220
281
32
179
1
218
698
472
1
220
179
218
226
681
876
281
526
274
281
58
512
274
856
208
355
185
26
632
257
1505
1
339
1
281
220
1
595
348
179
281
462
218
444
45
1
1
218
372
179
281
1
360
427
649
981
1
220
32
412
375
353
220
179
98
485
383
114
1
281
88
1
220
220
218
1
141
281
928
1313
130
1
1
15
208
260
1
693
178
1
281
281
235
175
227
1
220
143
189
285
228
281
152
587
619
618
1436
1
127
32
1
945
45
1
281
292
281
208
218
1
380
1
727
220
345
1
1498
90
1
1
1
25
141
143
1
476
141
51
220
1
292
1
714
179
141
281
108
281
173
77
647
26
32
21
179
21
1
1
281
176
242
242
253
579
1
1
1
1
141
687
281
281
95
503
614
218
179
281
199
218
1
179
51
89
455
606
176
224
179
274
57
24
1
1588
281
1
281
141
1
449
24
179
406
99
101
143
1709
1
281
98
281
1
179
281
126
90
218
281
670
130
1715
309
50
75
281
220
1
281
35
101
398
183
1
218
102
1
260
1
515
281
220
281
1
1
281
281
406
1
53
218
127
183
220
519
348
282
13
239
347
258
218
179
26
1
500
521
142
55
1
1
281
288
281
1
818
102
281
220
218
26
1
115
218
1158
1
41
1
936
281
978
546
179
27
1
281
179
179
645
179
218
1
108
58
366
281
220
1
179
1
218
289
384
279
1172
198
9
218
282
281
25
647
179
179
32
57
281
155
281
1
26
179
896
220
1562
1
179
46
220
281
102
220
1
865
108
21
45
1
107
1
242
369
108
1
204
379
207
1
224
155
1
102
220
179
12
1
1
1
220
818
554
1
1280
179
179
281
106
281
220
1
218
1
220
92
1
1
791
430
340
1
32
220
281
354
657
218
52
179
141
220
218
1
516
220
1
113
220
141
179
648
207
1
1
224
220
45
268
406
224
179
1
281
281
1
220
281
179
281
179
270
220
1
281
220
270
114
765
51
218
37
1
170
314
57
218
116
220
123
1
84
1
1935
1
143
281
148
143
1
224
379
1
1
281
179
360
202
179
1
444
179
1
179
179
107
503
348
153
1
297
281
1
1
353
179
1
414
281
369
281
1
24
147
25
24
281
185
1
285
141
28
270
1
255
218
1
22
292
57
373
27
281
35
1
179
1
2566
1
218
1
406
208
20
51
365
50
179
1
75
26
1
32
218
1
340
987
218
218
378
406
907
35
1
1
1324
1
50
123
218
185
141
179
427
32
1
572
281
260
1
1
220
179
281
26
218
281
179
1
26
38
457
595
2558
1
1
1
1
281
84
1
260
742
309
57
281
24
172
1
84
179
179
347
179
1
1
141
1
298
179
345
262
1
281
75
1
1
271
1
398
152
281
1
129
281
1
1
171
281
281
320
1
649
1
113
1
32
340
50
220
179
1
73
1
1
218
26
211
218
1044
226
1794
7
1
179
1
1
102
29
260
179
548
1
349
218
1
1
61
135
1308
1
179
2189
32
224
1
281
260
48
1
23
198
281
101
141
1
435
179
220
637
264
141
102
269
1
1
143
281
281
218
1
152
189
472
724
595
24
75
1
1
1
281
281
220
384
99
255
42
26
104
356
125
281
319
1
264
340
318
651
1
281
282
372
141
1
408
1
437
1
1
218
179
1102
243
179
123
218
281
443
372
220
107
1
1
281
281
4353
1
1
306
220
32
316
405
220
270
29
1
281
1
469
1
179
325
1
141
76
313
1
1
482
220
179
1
316
1
1
1
5
603
1
281
1406
1
281
375
137
286
1
79
242
2352
186
498
218
255
173
200
208
127
312
340
1
220
179
179
220
1
240
355
141
1
539
1
573
242
210
220
281
312
220
185
24
218
113
220
41
32
26
179
268
220
281
1
605
129
220
179
218
989
220
1832
281
341
1
1
1
1
220
1
351
18
92
32
422
119
179
281